0.01000, -0.9990, 11.41
0.02000, -0.9980, 11.63
0.03000, -0.9970, 11.87
0.04000, -0.9960, 11.82
0.05000, -0.9950, 11.84
0.06000, -0.9940, 12.03
0.07000, -0.9930, 12.07
0.08000, -0.9920, 12.20
0.09000, -0.9910, 12.35
0.1000, -0.9900, 12.30
0.1100, -0.9890, 12.47
0.1200, -0.9880, 12.46
0.1300, -0.9870, 12.38
0.1400, -0.9860, 12.28
0.1500, -0.9850, 12.57
0.1600, -0.9840, 12.55
0.1700, -0.9830, 12.60
0.1800, -0.9820, 12.50
0.1900, -0.9810, 12.61
0.2000, -0.9800, 12.68
0.2100, -0.9790, 12.63
0.2200, -0.9780, 12.70
0.2300, -0.9770, 12.84
0.2400, -0.9760, 12.64
0.2500, -0.9750, 12.92
0.2600, -0.9740, 12.84
0.2700, -0.9730, 12.88
0.2800, -0.9720, 13.00
0.2900, -0.9710, 13.07
0.3000, -0.9700, 13.19
0.3100, -0.9690, 12.92
0.3200, -0.9680, 13.13
0.3300, -0.9670, 13.20
0.3400, -0.9660, 13.39
0.3500, -0.9650, 13.12
0.3600, -0.9640, 13.14
0.3700, -0.9630, 13.15
0.3800, -0.9620, 13.20
0.3900, -0.9610, 13.34
0.4000, -0.9600, 13.38
0.4100, -0.9590, 13.25
0.4200, -0.9580, 13.25
0.4300, -0.9570, 13.39
0.4400, -0.9560, 13.55
0.4500, -0.9550, 13.28
0.4600, -0.9540, 13.39
0.4700, -0.9530, 13.40
0.4800, -0.9520, 13.31
0.4900, -0.9510, 13.27
0.5000, -0.9500, 13.35
0.5100, -0.9490, 13.37
0.5200, -0.9480, 13.75
0.5300, -0.9470, 13.51
0.5400, -0.9460, 13.60
0.5500, -0.9450, 13.35
0.5600, -0.9440, 13.44
0.5700, -0.9430, 13.71
0.5800, -0.9420, 13.55
0.5900, -0.9410, 13.54
0.6000, -0.9400, 13.66
0.6100, -0.9390, 13.77
0.6200, -0.9380, 13.54
0.6300, -0.9370, 13.67
0.6400, -0.9360, 13.37
0.6500, -0.9350, 13.56
0.6600, -0.9340, 13.72
0.6700, -0.9330, 13.56
0.6800, -0.9320, 13.74
0.6900, -0.9310, 13.60
0.7000, -0.9300, 13.51
0.7100, -0.9290, 13.59
0.7200, -0.9280, 13.82
0.7300, -0.9270, 13.73
0.7400, -0.9260, 13.69
0.7500, -0.9250, 13.74
0.7600, -0.9240, 13.69
0.7700, -0.9230, 13.65
0.7800, -0.9220, 13.68
0.7900, -0.9210, 13.97
0.8000, -0.9200, 13.98
0.8100, -0.9190, 13.92
0.8200, -0.9180, 14.07
0.8300, -0.9170, 13.96
0.8400, -0.9160, 13.95
0.8500, -0.9150, 13.98
0.8600, -0.9140, 13.91
0.8700, -0.9130, 13.92
0.8800, -0.9120, 13.92
0.8900, -0.9110, 14.08
0.9000, -0.9100, 13.90
0.9100, -0.9090, 13.91
0.9200, -0.9080, 13.87
0.9300, -0.9070, 14.22
0.9400, -0.9060, 13.90
0.9500, -0.9050, 13.95
0.9600, -0.9040, 13.96
0.9700, -0.9030, 14.01
0.9800, -0.9020, 13.94
0.9900, -0.9010, 14.01
1.000, -0.9000, 13.94
1.010, -0.8990, 13.97
1.020, -0.8980, 13.80
1.030, -0.8970, 14.20
1.040, -0.8960, 14.23
1.050, -0.8950, 13.98
1.060, -0.8940, 14.05
1.070, -0.8930, 13.79
1.080, -0.8920, 14.01
1.090, -0.8910, 14.01
1.100, -0.8900, 14.08
1.110, -0.8890, 14.02
1.120, -0.8880, 14.19
1.130, -0.8870, 14.22
1.140, -0.8860, 14.09
1.150, -0.8850, 14.11
1.160, -0.8840, 14.07
1.170, -0.8830, 14.27
1.180, -0.8820, 14.36
1.190, -0.8810, 14.16
1.200, -0.8800, 14.02
1.210, -0.8790, 13.96
1.220, -0.8780, 14.30
1.230, -0.8770, 14.16
1.240, -0.8760, 14.37
1.250, -0.8750, 14.27
1.260, -0.8740, 14.38
1.270, -0.8730, 14.20
1.280, -0.8720, 14.33
1.290, -0.8710, 14.24
1.300, -0.8700, 14.33
1.310, -0.8690, 14.22
1.320, -0.8680, 14.33
1.330, -0.8670, 14.44
1.340, -0.8660, 14.29
1.350, -0.8650, 14.38
1.360, -0.8640, 14.43
1.370, -0.8630, 14.36
1.380, -0.8620, 14.35
1.390, -0.8610, 14.30
1.400, -0.8600, 14.31
1.410, -0.8590, 14.50
1.420, -0.8580, 14.56
1.430, -0.8570, 14.38
1.440, -0.8560, 14.57
1.450, -0.8550, 14.36
1.460, -0.8540, 14.41
1.470, -0.8530, 14.34
1.480, -0.8520, 14.51
1.490, -0.8510, 14.47
1.500, -0.8500, 14.52
1.510, -0.8490, 14.33
1.520, -0.8480, 14.51
1.530, -0.8470, 14.33
1.540, -0.8460, 14.64
1.550, -0.8450, 14.35
1.560, -0.8440, 14.54
1.570, -0.8430, 14.59
1.580, -0.8420, 14.44
1.590, -0.8410, 14.63
1.600, -0.8400, 14.74
1.610, -0.8390, 14.57
1.620, -0.8380, 14.70
1.630, -0.8370, 14.70
1.640, -0.8360, 14.71
1.650, -0.8350, 14.73
1.660, -0.8340, 14.71
1.670, -0.8330, 14.81
1.680, -0.8320, 14.85
1.690, -0.8310, 14.73
1.700, -0.8300, 14.70
1.710, -0.8290, 14.46
1.720, -0.8280, 14.64
1.730, -0.8270, 14.61
1.740, -0.8260, 14.70
1.750, -0.8250, 14.76
1.760, -0.8240, 14.79
1.770, -0.8230, 14.77
1.780, -0.8220, 14.65
1.790, -0.8210, 14.59
1.800, -0.8200, 14.55
1.810, -0.8190, 14.65
1.820, -0.8180, 14.78
1.830, -0.8170, 14.80
1.840, -0.8160, 14.74
1.850, -0.8150, 14.97
1.860, -0.8140, 14.89
1.870, -0.8130, 14.81
1.880, -0.8120, 14.73
1.890, -0.8110, 14.57
1.900, -0.8100, 14.86
1.910, -0.8090, 14.88
1.920, -0.8080, 14.70
1.930, -0.8070, 14.75
1.940, -0.8060, 14.81
1.950, -0.8050, 14.85
1.960, -0.8040, 14.81
1.970, -0.8030, 14.88
1.980, -0.8020, 14.83
1.990, -0.8010, 15.05
2.000, -0.8000, 14.76
2.010, -0.7990, 14.88
2.020, -0.7980, 14.94
2.030, -0.7970, 14.97
2.040, -0.7960, 14.81
2.050, -0.7950, 14.84
2.060, -0.7940, 14.91
2.070, -0.7930, 14.92
2.080, -0.7920, 14.82
2.090, -0.7910, 15.19
2.100, -0.7900, 15.07
2.110, -0.7890, 14.86
2.120, -0.7880, 14.86
2.130, -0.7870, 14.99
2.140, -0.7860, 15.11
2.150, -0.7850, 14.87
2.160, -0.7840, 14.89
2.170, -0.7830, 15.13
2.180, -0.7820, 15.00
2.190, -0.7810, 15.01
2.200, -0.7800, 15.13
2.210, -0.7790, 15.08
2.220, -0.7780, 14.85
2.230, -0.7770, 15.07
2.240, -0.7760, 14.99
2.250, -0.7750, 15.03
2.260, -0.7740, 14.98
2.270, -0.7730, 15.13
2.280, -0.7720, 15.12
2.290, -0.7710, 15.20
2.300, -0.7700, 14.97
2.310, -0.7690, 14.95
2.320, -0.7680, 15.22
2.330, -0.7670, 14.98
2.340, -0.7660, 15.20
2.350, -0.7650, 15.03
2.360, -0.7640, 15.09
2.370, -0.7630, 15.11
2.380, -0.7620, 15.35
2.390, -0.7610, 15.22
2.400, -0.7600, 15.19
2.410, -0.7590, 15.11
2.420, -0.7580, 15.50
2.430, -0.7570, 15.12
2.440, -0.7560, 15.02
2.450, -0.7550, 14.74
2.460, -0.7540, 15.21
2.470, -0.7530, 15.48
2.480, -0.7520, 15.63
2.490, -0.7510, 14.95
2.500, -0.7500, 15.12
2.510, -0.7490, 15.58
2.520, -0.7480, 15.63
2.530, -0.7470, 15.09
2.540, -0.7460, 15.00
2.550, -0.7450, 14.98
2.560, -0.7440, 15.26
2.570, -0.7430, 15.66
2.580, -0.7420, 15.52
2.590, -0.7410, 15.52
2.600, -0.7400, 15.15
2.610, -0.7390, 15.08
2.620, -0.7380, 15.25
2.630, -0.7370, 15.22
2.640, -0.7360, 15.02
2.650, -0.7350, 15.13
2.660, -0.7340, 15.23
2.670, -0.7330, 15.30
2.680, -0.7320, 14.98
2.690, -0.7310, 15.04
2.700, -0.7300, 15.14
2.710, -0.7290, 15.21
2.720, -0.7280, 15.47
2.730, -0.7270, 15.70
2.740, -0.7260, 15.57
2.750, -0.7250, 15.75
2.760, -0.7240, 15.85
2.770, -0.7230, 15.72
2.780, -0.7220, 15.65
2.790, -0.7210, 15.39
2.800, -0.7200, 15.51
2.810, -0.7190, 15.31
2.820, -0.7180, 15.19
2.830, -0.7170, 15.34
2.840, -0.7160, 15.52
2.850, -0.7150, 15.58
2.860, -0.7140, 15.52
2.870, -0.7130, 15.49
2.880, -0.7120, 15.83
2.890, -0.7110, 15.69
2.900, -0.7100, 15.86
2.910, -0.7090, 15.75
2.920, -0.7080, 15.65
2.930, -0.7070, 15.44
2.940, -0.7060, 15.41
2.950, -0.7050, 15.42
2.960, -0.7040, 15.20
2.970, -0.7030, 15.37
2.980, -0.7020, 15.57
2.990, -0.7010, 15.83
3.000, -0.7000, 15.98
3.010, -0.6990, 16.12
3.020, -0.6980, 15.83
3.030, -0.6970, 15.87
3.040, -0.6960, 16.09
3.050, -0.6950, 15.85
3.060, -0.6940, 15.62
3.070, -0.6930, 15.48
3.080, -0.6920, 15.33
3.090, -0.6910, 15.43
3.100, -0.6900, 15.27
3.110, -0.6890, 15.23
3.120, -0.6880, 15.60
3.130, -0.6870, 15.68
3.140, -0.6860, 15.65
3.150, -0.6850, 15.77
3.160, -0.6840, 16.12
3.170, -0.6830, 16.12
3.180, -0.6820, 15.94
3.190, -0.6810, 15.90
3.200, -0.6800, 15.57
3.210, -0.6790, 15.71
3.220, -0.6780, 15.62
3.230, -0.6770, 15.77
3.240, -0.6760, 15.95
3.250, -0.6750, 15.92
3.260, -0.6740, 16.03
3.270, -0.6730, 16.15
3.280, -0.6720, 16.37
3.290, -0.6710, 16.03
3.300, -0.6700, 15.78
3.310, -0.6690, 15.94
3.320, -0.6680, 15.86
3.330, -0.6670, 15.75
3.340, -0.6660, 15.70
3.350, -0.6650, 15.83
3.360, -0.6640, 16.15
3.370, -0.6630, 16.17
3.380, -0.6620, 16.36
3.390, -0.6610, 16.15
3.400, -0.6600, 15.78
3.410, -0.6590, 16.20
3.420, -0.6580, 15.97
3.430, -0.6570, 16.11
3.440, -0.6560, 15.93
3.450, -0.6550, 16.10
3.460, -0.6540, 16.06
3.470, -0.6530, 16.03
3.480, -0.6520, 16.07
3.490, -0.6510, 15.85
3.500, -0.6500, 16.05
3.510, -0.6490, 16.01
3.520, -0.6480, 16.04
3.530, -0.6470, 15.94
3.540, -0.6460, 16.11
3.550, -0.6450, 16.12
3.560, -0.6440, 16.09
3.570, -0.6430, 16.00
3.580, -0.6420, 16.06
3.590, -0.6410, 16.04
3.600, -0.6400, 16.07
3.610, -0.6390, 16.11
3.620, -0.6380, 16.06
3.630, -0.6370, 16.07
3.640, -0.6360, 16.12
3.650, -0.6350, 16.28
3.660, -0.6340, 16.22
3.670, -0.6330, 15.92
3.680, -0.6320, 16.08
3.690, -0.6310, 16.23
3.700, -0.6300, 16.07
3.710, -0.6290, 16.18
3.720, -0.6280, 16.13
3.730, -0.6270, 16.17
3.740, -0.6260, 16.17
3.750, -0.6250, 16.35
3.760, -0.6240, 16.21
3.770, -0.6230, 16.08
3.780, -0.6220, 16.28
3.790, -0.6210, 16.36
3.800, -0.6200, 16.20
3.810, -0.6190, 16.21
3.820, -0.6180, 16.31
3.830, -0.6170, 16.32
3.840, -0.6160, 16.33
3.850, -0.6150, 16.29
3.860, -0.6140, 16.28
3.870, -0.6130, 16.29
3.880, -0.6120, 16.27
3.890, -0.6110, 16.19
3.900, -0.6100, 16.24
3.910, -0.6090, 16.41
3.920, -0.6080, 16.41
3.930, -0.6070, 16.31
3.940, -0.6060, 16.59
3.950, -0.6050, 16.37
3.960, -0.6040, 16.54
3.970, -0.6030, 16.27
3.980, -0.6020, 16.31
3.990, -0.6010, 16.51
4.000, -0.6000, 16.39
4.010, -0.5990, 16.60
4.020, -0.5980, 16.44
4.030, -0.5970, 16.54
4.040, -0.5960, 16.32
4.050, -0.5950, 16.34
4.060, -0.5940, 16.60
4.070, -0.5930, 16.56
4.080, -0.5920, 16.58
4.090, -0.5910, 16.60
4.100, -0.5900, 16.56
4.110, -0.5890, 16.37
4.120, -0.5880, 16.38
4.130, -0.5870, 16.57
4.140, -0.5860, 16.37
4.150, -0.5850, 16.65
4.160, -0.5840, 16.41
4.170, -0.5830, 16.61
4.180, -0.5820, 16.58
4.190, -0.5810, 16.56
4.200, -0.5800, 16.60
4.210, -0.5790, 16.75
4.220, -0.5780, 16.54
4.230, -0.5770, 16.53
4.240, -0.5760, 16.57
4.250, -0.5750, 16.74
4.260, -0.5740, 16.87
4.270, -0.5730, 16.75
4.280, -0.5720, 16.68
4.290, -0.5710, 16.55
4.300, -0.5700, 16.69
4.310, -0.5690, 16.73
4.320, -0.5680, 16.76
4.330, -0.5670, 16.61
4.340, -0.5660, 16.63
4.350, -0.5650, 16.87
4.360, -0.5640, 16.71
4.370, -0.5630, 16.79
4.380, -0.5620, 16.82
4.390, -0.5610, 16.59
4.400, -0.5600, 16.46
4.410, -0.5590, 16.78
4.420, -0.5580, 16.70
4.430, -0.5570, 16.72
4.440, -0.5560, 16.70
4.450, -0.5550, 16.93
4.460, -0.5540, 16.84
4.470, -0.5530, 16.74
4.480, -0.5520, 16.69
4.490, -0.5510, 16.84
4.500, -0.5500, 16.86
4.510, -0.5490, 16.67
4.520, -0.5480, 16.65
4.530, -0.5470, 16.67
4.540, -0.5460, 16.78
4.550, -0.5450, 16.91
4.560, -0.5440, 16.86
4.570, -0.5430, 16.96
4.580, -0.5420, 16.65
4.590, -0.5410, 16.84
4.600, -0.5400, 16.77
4.610, -0.5390, 17.01
4.620, -0.5380, 17.05
4.630, -0.5370, 16.79
4.640, -0.5360, 16.87
4.650, -0.5350, 16.86
4.660, -0.5340, 16.97
4.670, -0.5330, 16.96
4.680, -0.5320, 16.94
4.690, -0.5310, 16.81
4.700, -0.5300, 16.96
4.710, -0.5290, 16.86
4.720, -0.5280, 16.91
4.730, -0.5270, 16.99
4.740, -0.5260, 16.95
4.750, -0.5250, 16.94
4.760, -0.5240, 17.18
4.770, -0.5230, 16.95
4.780, -0.5220, 17.01
4.790, -0.5210, 17.14
4.800, -0.5200, 17.03
4.810, -0.5190, 16.87
4.820, -0.5180, 16.95
4.830, -0.5170, 17.06
4.840, -0.5160, 17.16
4.850, -0.5150, 17.10
4.860, -0.5140, 17.13
4.870, -0.5130, 17.03
4.880, -0.5120, 17.21
4.890, -0.5110, 17.26
4.900, -0.5100, 17.00
4.910, -0.5090, 17.01
4.920, -0.5080, 17.07
4.930, -0.5070, 17.07
4.940, -0.5060, 17.14
4.950, -0.5050, 17.13
4.960, -0.5040, 17.09
4.970, -0.5030, 17.06
4.980, -0.5020, 17.00
4.990, -0.5010, 17.19
5.000, -0.5000, 17.01
5.010, -0.4990, 17.07
5.020, -0.4980, 16.96
5.030, -0.4970, 17.10
5.040, -0.4960, 17.16
5.050, -0.4950, 17.21
5.060, -0.4940, 17.19
5.070, -0.4930, 17.18
5.080, -0.4920, 17.07
5.090, -0.4910, 17.10
5.100, -0.4900, 16.93
5.110, -0.4890, 17.31
5.120, -0.4880, 17.29
5.130, -0.4870, 17.35
5.140, -0.4860, 17.32
5.150, -0.4850, 17.30
5.160, -0.4840, 17.28
5.170, -0.4830, 17.17
5.180, -0.4820, 17.30
5.190, -0.4810, 17.23
5.200, -0.4800, 17.20
5.210, -0.4790, 16.97
5.220, -0.4780, 17.08
5.230, -0.4770, 17.21
5.240, -0.4760, 17.36
5.250, -0.4750, 17.25
5.260, -0.4740, 17.31
5.270, -0.4730, 17.29
5.280, -0.4720, 17.45
5.290, -0.4710, 17.30
5.300, -0.4700, 17.33
5.310, -0.4690, 17.44
5.320, -0.4680, 17.28
5.330, -0.4670, 17.33
5.340, -0.4660, 17.45
5.350, -0.4650, 17.25
5.360, -0.4640, 17.19
5.370, -0.4630, 17.31
5.380, -0.4620, 17.49
5.390, -0.4610, 17.47
5.400, -0.4600, 17.51
5.410, -0.4590, 17.31
5.420, -0.4580, 17.46
5.430, -0.4570, 17.51
5.440, -0.4560, 17.39
5.450, -0.4550, 17.46
5.460, -0.4540, 17.54
5.470, -0.4530, 17.41
5.480, -0.4520, 17.57
5.490, -0.4510, 17.39
5.500, -0.4500, 17.41
5.510, -0.4490, 17.36
5.520, -0.4480, 17.56
5.530, -0.4470, 17.40
5.540, -0.4460, 17.34
5.550, -0.4450, 17.53
5.560, -0.4440, 17.40
5.570, -0.4430, 17.55
5.580, -0.4420, 17.30
5.590, -0.4410, 17.63
5.600, -0.4400, 17.41
5.610, -0.4390, 17.60
5.620, -0.4380, 17.64
5.630, -0.4370, 17.39
5.640, -0.4360, 17.69
5.650, -0.4350, 17.60
5.660, -0.4340, 17.55
5.670, -0.4330, 17.55
5.680, -0.4320, 17.64
5.690, -0.4310, 17.57
5.700, -0.4300, 17.59
5.710, -0.4290, 17.64
5.720, -0.4280, 17.66
5.730, -0.4270, 17.67
5.740, -0.4260, 17.75
5.750, -0.4250, 17.65
5.760, -0.4240, 17.75
5.770, -0.4230, 17.73
5.780, -0.4220, 17.74
5.790, -0.4210, 17.62
5.800, -0.4200, 17.67
5.810, -0.4190, 17.99
5.820, -0.4180, 17.64
5.830, -0.4170, 17.63
5.840, -0.4160, 17.64
5.850, -0.4150, 17.66
5.860, -0.4140, 17.72
5.870, -0.4130, 17.71
5.880, -0.4120, 17.73
5.890, -0.4110, 17.88
5.900, -0.4100, 17.57
5.910, -0.4090, 17.72
5.920, -0.4080, 17.74
5.930, -0.4070, 17.80
5.940, -0.4060, 17.92
5.950, -0.4050, 17.75
5.960, -0.4040, 17.88
5.970, -0.4030, 17.88
5.980, -0.4020, 17.80
5.990, -0.4010, 17.90
6.000, -0.4000, 18.01
6.010, -0.3990, 17.95
6.020, -0.3980, 18.17
6.030, -0.3970, 17.84
6.040, -0.3960, 17.65
6.050, -0.3950, 17.84
6.060, -0.3940, 18.05
6.070, -0.3930, 17.99
6.080, -0.3920, 17.77
6.090, -0.3910, 17.90
6.100, -0.3900, 17.94
6.110, -0.3890, 17.90
6.120, -0.3880, 17.93
6.130, -0.3870, 17.92
6.140, -0.3860, 17.71
6.150, -0.3850, 17.99
6.160, -0.3840, 18.09
6.170, -0.3830, 17.93
6.180, -0.3820, 17.94
6.190, -0.3810, 17.96
6.200, -0.3800, 18.13
6.210, -0.3790, 18.16
6.220, -0.3780, 18.09
6.230, -0.3770, 18.16
6.240, -0.3760, 17.96
6.250, -0.3750, 18.00
6.260, -0.3740, 17.96
6.270, -0.3730, 17.95
6.280, -0.3720, 17.99
6.290, -0.3710, 17.87
6.300, -0.3700, 18.01
6.310, -0.3690, 18.02
6.320, -0.3680, 17.92
6.330, -0.3670, 18.21
6.340, -0.3660, 18.28
6.350, -0.3650, 18.18
6.360, -0.3640, 18.06
6.370, -0.3630, 18.05
6.380, -0.3620, 18.08
6.390, -0.3610, 18.04
6.400, -0.3600, 18.23
6.410, -0.3590, 18.23
6.420, -0.3580, 17.99
6.430, -0.3570, 18.12
6.440, -0.3560, 17.96
6.450, -0.3550, 18.16
6.460, -0.3540, 18.12
6.470, -0.3530, 18.04
6.480, -0.3520, 18.29
6.490, -0.3510, 18.08
6.500, -0.3500, 18.39
6.510, -0.3490, 18.36
6.520, -0.3480, 18.01
6.530, -0.3470, 18.14
6.540, -0.3460, 18.14
6.550, -0.3450, 18.26
6.560, -0.3440, 18.30
6.570, -0.3430, 18.17
6.580, -0.3420, 18.09
6.590, -0.3410, 18.43
6.600, -0.3400, 18.39
6.610, -0.3390, 18.27
6.620, -0.3380, 18.12
6.630, -0.3370, 18.28
6.640, -0.3360, 18.32
6.650, -0.3350, 18.33
6.660, -0.3340, 18.36
6.670, -0.3330, 18.40
6.680, -0.3320, 18.18
6.690, -0.3310, 18.11
6.700, -0.3300, 18.34
6.710, -0.3290, 18.36
6.720, -0.3280, 18.29
6.730, -0.3270, 18.19
6.740, -0.3260, 18.16
6.750, -0.3250, 18.38
6.760, -0.3240, 18.27
6.770, -0.3230, 18.23
6.780, -0.3220, 18.34
6.790, -0.3210, 18.55
6.800, -0.3200, 18.43
6.810, -0.3190, 18.30
6.820, -0.3180, 18.50
6.830, -0.3170, 18.16
6.840, -0.3160, 18.39
6.850, -0.3150, 18.54
6.860, -0.3140, 18.24
6.870, -0.3130, 18.44
6.880, -0.3120, 18.32
6.890, -0.3110, 18.39
6.900, -0.3100, 18.26
6.910, -0.3090, 18.43
6.920, -0.3080, 18.29
6.930, -0.3070, 18.67
6.940, -0.3060, 18.60
6.950, -0.3050, 18.32
6.960, -0.3040, 18.39
6.970, -0.3030, 18.57
6.980, -0.3020, 18.36
6.990, -0.3010, 18.31
7.000, -0.3000, 18.64
7.010, -0.2990, 18.51
7.020, -0.2980, 18.29
7.030, -0.2970, 18.77
7.040, -0.2960, 18.65
7.050, -0.2950, 18.38
7.060, -0.2940, 18.47
7.070, -0.2930, 18.57
7.080, -0.2920, 18.32
7.090, -0.2910, 18.77
7.100, -0.2900, 18.63
7.110, -0.2890, 18.56
7.120, -0.2880, 18.59
7.130, -0.2870, 18.40
7.140, -0.2860, 18.59
7.150, -0.2850, 18.76
7.160, -0.2840, 18.51
7.170, -0.2830, 18.45
7.180, -0.2820, 18.68
7.190, -0.2810, 18.61
7.200, -0.2800, 18.73
7.210, -0.2790, 18.58
7.220, -0.2780, 18.59
7.230, -0.2770, 18.73
7.240, -0.2760, 18.69
7.250, -0.2750, 18.60
7.260, -0.2740, 18.69
7.270, -0.2730, 18.62
7.280, -0.2720, 18.77
7.290, -0.2710, 18.75
7.300, -0.2700, 18.78
7.310, -0.2690, 18.72
7.320, -0.2680, 18.59
7.330, -0.2670, 18.85
7.340, -0.2660, 18.62
7.350, -0.2650, 18.83
7.360, -0.2640, 18.87
7.370, -0.2630, 18.81
7.380, -0.2620, 18.60
7.390, -0.2610, 18.87
7.400, -0.2600, 18.72
7.410, -0.2590, 18.91
7.420, -0.2580, 18.79
7.430, -0.2570, 18.78
7.440, -0.2560, 18.51
7.450, -0.2550, 18.67
7.460, -0.2540, 19.03
7.470, -0.2530, 18.70
7.480, -0.2520, 18.54
7.490, -0.2510, 18.87
7.500, -0.2500, 18.63
7.510, -0.2490, 18.68
7.520, -0.2480, 18.83
7.530, -0.2470, 18.90
7.540, -0.2460, 18.84
7.550, -0.2450, 18.83
7.560, -0.2440, 19.09
7.570, -0.2430, 18.78
7.580, -0.2420, 18.92
7.590, -0.2410, 18.85
7.600, -0.2400, 18.98
7.610, -0.2390, 18.75
7.620, -0.2380, 18.69
7.630, -0.2370, 18.93
7.640, -0.2360, 18.89
7.650, -0.2350, 18.61
7.660, -0.2340, 18.78
7.670, -0.2330, 18.82
7.680, -0.2320, 18.97
7.690, -0.2310, 19.00
7.700, -0.2300, 19.00
7.710, -0.2290, 18.96
7.720, -0.2280, 18.85
7.730, -0.2270, 18.73
7.740, -0.2260, 18.90
7.750, -0.2250, 19.02
7.760, -0.2240, 18.92
7.770, -0.2230, 18.89
7.780, -0.2220, 18.85
7.790, -0.2210, 19.10
7.800, -0.2200, 18.89
7.810, -0.2190, 19.00
7.820, -0.2180, 18.81
7.830, -0.2170, 19.08
7.840, -0.2160, 19.00
7.850, -0.2150, 19.12
7.860, -0.2140, 19.03
7.870, -0.2130, 19.06
7.880, -0.2120, 18.92
7.890, -0.2110, 18.94
7.900, -0.2100, 19.03
7.910, -0.2090, 18.91
7.920, -0.2080, 18.86
7.930, -0.2070, 18.90
7.940, -0.2060, 19.07
7.950, -0.2050, 18.70
7.960, -0.2040, 19.03
7.970, -0.2030, 19.27
7.980, -0.2020, 19.12
7.990, -0.2010, 19.16
8.000, -0.2000, 19.02
8.010, -0.1990, 18.99
8.020, -0.1980, 19.14
8.030, -0.1970, 18.93
8.040, -0.1960, 19.19
8.050, -0.1950, 19.12
8.060, -0.1940, 19.09
8.070, -0.1930, 19.10
8.080, -0.1920, 19.20
8.090, -0.1910, 19.25
8.100, -0.1900, 19.24
8.110, -0.1890, 19.06
8.120, -0.1880, 19.06
8.130, -0.1870, 19.02
8.140, -0.1860, 19.10
8.150, -0.1850, 19.28
8.160, -0.1840, 19.20
8.170, -0.1830, 19.04
8.180, -0.1820, 19.07
8.190, -0.1810, 19.26
8.200, -0.1800, 19.14
8.210, -0.1790, 19.18
8.220, -0.1780, 19.28
8.230, -0.1770, 19.17
8.240, -0.1760, 19.33
8.250, -0.1750, 19.20
8.260, -0.1740, 19.28
8.270, -0.1730, 19.12
8.280, -0.1720, 19.34
8.290, -0.1710, 19.25
8.300, -0.1700, 19.46
8.310, -0.1690, 19.27
8.320, -0.1680, 19.22
8.330, -0.1670, 19.31
8.340, -0.1660, 19.36
8.350, -0.1650, 19.37
8.360, -0.1640, 19.28
8.370, -0.1630, 19.16
8.380, -0.1620, 19.24
8.390, -0.1610, 19.33
8.400, -0.1600, 19.41
8.410, -0.1590, 19.33
8.420, -0.1580, 19.33
8.430, -0.1570, 19.36
8.440, -0.1560, 19.33
8.450, -0.1550, 19.35
8.460, -0.1540, 19.30
8.470, -0.1530, 19.22
8.480, -0.1520, 19.37
8.490, -0.1510, 19.47
8.500, -0.1500, 19.47
8.510, -0.1490, 19.43
8.520, -0.1480, 19.42
8.530, -0.1470, 19.30
8.540, -0.1460, 19.41
8.550, -0.1450, 19.41
8.560, -0.1440, 19.36
8.570, -0.1430, 19.37
8.580, -0.1420, 19.42
8.590, -0.1410, 19.28
8.600, -0.1400, 19.51
8.610, -0.1390, 19.32
8.620, -0.1380, 19.45
8.630, -0.1370, 19.29
8.640, -0.1360, 19.46
8.650, -0.1350, 19.48
8.660, -0.1340, 19.49
8.670, -0.1330, 19.52
8.680, -0.1320, 19.39
8.690, -0.1310, 19.50
8.700, -0.1300, 19.52
8.710, -0.1290, 19.47
8.720, -0.1280, 19.36
8.730, -0.1270, 19.43
8.740, -0.1260, 19.71
8.750, -0.1250, 19.30
8.760, -0.1240, 19.54
8.770, -0.1230, 19.52
8.780, -0.1220, 19.54
8.790, -0.1210, 19.52
8.800, -0.1200, 19.58
8.810, -0.1190, 19.56
8.820, -0.1180, 19.65
8.830, -0.1170, 19.38
8.840, -0.1160, 19.63
8.850, -0.1150, 19.69
8.860, -0.1140, 19.47
8.870, -0.1130, 19.50
8.880, -0.1120, 19.37
8.890, -0.1110, 19.57
8.900, -0.1100, 19.61
8.910, -0.1090, 19.61
8.920, -0.1080, 19.57
8.930, -0.1070, 19.56
8.940, -0.1060, 19.72
8.950, -0.1050, 19.62
8.960, -0.1040, 19.64
8.970, -0.1030, 19.68
8.980, -0.1020, 19.51
8.990, -0.1010, 19.70
9.000, -0.1000, 19.62
9.010, -0.09900, 19.68
9.020, -0.09800, 19.61
9.030, -0.09700, 19.77
9.040, -0.09600, 19.63
9.050, -0.09500, 19.56
9.060, -0.09400, 19.64
9.070, -0.09300, 19.61
9.080, -0.09200, 19.56
9.090, -0.09100, 19.70
9.100, -0.09000, 19.74
9.110, -0.08900, 19.67
9.120, -0.08800, 19.73
9.130, -0.08700, 19.79
9.140, -0.08600, 19.54
9.150, -0.08500, 19.73
9.160, -0.08400, 19.83
9.170, -0.08300, 19.76
9.180, -0.08200, 19.66
9.190, -0.08100, 19.60
9.200, -0.08000, 19.79
9.210, -0.07900, 19.67
9.220, -0.07800, 19.70
9.230, -0.07700, 19.63
9.240, -0.07600, 19.84
9.250, -0.07500, 19.96
9.260, -0.07400, 19.66
9.270, -0.07300, 19.79
9.280, -0.07200, 19.76
9.290, -0.07100, 19.72
9.300, -0.07000, 19.63
9.310, -0.06900, 19.75
9.320, -0.06800, 19.76
9.330, -0.06700, 19.79
9.340, -0.06600, 19.67
9.350, -0.06500, 19.80
9.360, -0.06400, 19.66
9.370, -0.06300, 19.84
9.380, -0.06200, 19.89
9.390, -0.06100, 19.73
9.400, -0.06000, 19.79
9.410, -0.05900, 19.75
9.420, -0.05800, 19.73
9.430, -0.05700, 19.99
9.440, -0.05600, 19.77
9.450, -0.05500, 19.80
9.460, -0.05400, 20.09
9.470, -0.05300, 19.91
9.480, -0.05200, 19.82
9.490, -0.05100, 19.75
9.500, -0.05000, 19.91
9.510, -0.04900, 19.85
9.520, -0.04800, 19.58
9.530, -0.04700, 19.83
9.540, -0.04600, 20.01
9.550, -0.04500, 19.70
9.560, -0.04400, 19.97
9.570, -0.04300, 19.88
9.580, -0.04200, 19.83
9.590, -0.04100, 19.87
9.600, -0.04000, 19.93
9.610, -0.03900, 19.88
9.620, -0.03800, 20.02
9.630, -0.03700, 19.91
9.640, -0.03600, 19.95
9.650, -0.03500, 19.88
9.660, -0.03400, 19.99
9.670, -0.03300, 19.91
9.680, -0.03200, 20.05
9.690, -0.03100, 19.92
9.700, -0.03000, 19.91
9.710, -0.02900, 20.03
9.720, -0.02800, 20.10
9.730, -0.02700, 20.04
9.740, -0.02600, 20.11
9.750, -0.02500, 19.91
9.760, -0.02400, 20.00
9.770, -0.02300, 19.94
9.780, -0.02200, 20.19
9.790, -0.02100, 20.19
9.800, -0.02000, 20.10
9.810, -0.01900, 20.00
9.820, -0.01800, 20.03
9.830, -0.01700, 20.05
9.840, -0.01600, 20.09
9.850, -0.01500, 20.08
9.860, -0.01400, 20.01
9.870, -0.01300, 20.05
9.880, -0.01200, 20.07
9.890, -0.01100, 20.10
9.900, -0.01000, 20.05
9.910, -0.009000, 19.98
9.920, -0.008000, 20.35
9.930, -0.007000, 20.13
9.940, -0.006000, 19.86
9.950, -0.005000, 20.14
9.960, -0.004000, 20.19
9.970, -0.003000, 20.09
9.980, -0.002000, 20.14
9.990, -0.001000, 20.08
10.00, 0.000, 20.12
10.01, 0.001000, 20.03
10.02, 0.002000, 20.21
10.03, 0.003000, 20.26
10.04, 0.004000, 20.29
10.05, 0.005000, 20.10
10.06, 0.006000, 20.17
10.07, 0.007000, 20.18
10.08, 0.008000, 20.13
10.09, 0.009000, 20.26
10.10, 0.01000, 20.14
10.11, 0.01100, 20.33
10.12, 0.01200, 20.44
10.13, 0.01300, 20.06
10.14, 0.01400, 20.13
10.15, 0.01500, 20.19
10.16, 0.01600, 20.14
10.17, 0.01700, 20.12
10.18, 0.01800, 20.23
10.19, 0.01900, 20.32
10.20, 0.02000, 19.98
10.21, 0.02100, 20.13
10.22, 0.02200, 20.34
10.23, 0.02300, 20.34
10.24, 0.02400, 20.33
10.25, 0.02500, 20.24
10.26, 0.02600, 20.15
10.27, 0.02700, 20.29
10.28, 0.02800, 20.24
10.29, 0.02900, 20.41
10.30, 0.03000, 20.33
10.31, 0.03100, 20.34
10.32, 0.03200, 20.32
10.33, 0.03300, 20.23
10.34, 0.03400, 20.27
10.35, 0.03500, 20.28
10.36, 0.03600, 20.23
10.37, 0.03700, 20.25
10.38, 0.03800, 20.26
10.39, 0.03900, 20.43
10.40, 0.04000, 20.24
10.41, 0.04100, 20.21
10.42, 0.04200, 20.38
10.43, 0.04300, 20.21
10.44, 0.04400, 20.15
10.45, 0.04500, 20.29
10.46, 0.04600, 20.45
10.47, 0.04700, 20.31
10.48, 0.04800, 20.34
10.49, 0.04900, 20.42
10.50, 0.05000, 20.30
10.51, 0.05100, 20.35
10.52, 0.05200, 20.43
10.53, 0.05300, 20.44
10.54, 0.05400, 20.27
10.55, 0.05500, 20.33
10.56, 0.05600, 20.45
10.57, 0.05700, 20.30
10.58, 0.05800, 20.44
10.59, 0.05900, 20.52
10.60, 0.06000, 20.36
10.61, 0.06100, 20.38
10.62, 0.06200, 20.41
10.63, 0.06300, 20.31
10.64, 0.06400, 20.37
10.65, 0.06500, 20.57
10.66, 0.06600, 20.48
10.67, 0.06700, 20.49
10.68, 0.06800, 20.37
10.69, 0.06900, 20.36
10.70, 0.07000, 20.54
10.71, 0.07100, 20.46
10.72, 0.07200, 20.48
10.73, 0.07300, 20.38
10.74, 0.07400, 20.32
10.75, 0.07500, 20.59
10.76, 0.07600, 20.37
10.77, 0.07700, 20.49
10.78, 0.07800, 20.47
10.79, 0.07900, 20.50
10.80, 0.08000, 20.50
10.81, 0.08100, 20.47
10.82, 0.08200, 20.60
10.83, 0.08300, 20.37
10.84, 0.08400, 20.29
10.85, 0.08500, 20.44
10.86, 0.08600, 20.52
10.87, 0.08700, 20.46
10.88, 0.08800, 20.50
10.89, 0.08900, 20.59
10.90, 0.09000, 20.49
10.91, 0.09100, 20.58
10.92, 0.09200, 20.64
10.93, 0.09300, 20.55
10.94, 0.09400, 20.47
10.95, 0.09500, 20.58
10.96, 0.09600, 20.43
10.97, 0.09700, 20.38
10.98, 0.09800, 20.43
10.99, 0.09900, 20.50
11.00, 0.1000, 20.49
11.01, 0.1010, 20.57
11.02, 0.1020, 20.67
11.03, 0.1030, 20.65
11.04, 0.1040, 20.57
11.05, 0.1050, 20.46
11.06, 0.1060, 20.40
11.07, 0.1070, 20.51
11.08, 0.1080, 20.70
11.09, 0.1090, 20.71
11.10, 0.1100, 20.55
11.11, 0.1110, 20.59
11.12, 0.1120, 20.59
11.13, 0.1130, 20.59
11.14, 0.1140, 20.62
11.15, 0.1150, 20.49
11.16, 0.1160, 20.50
11.17, 0.1170, 20.76
11.18, 0.1180, 20.66
11.19, 0.1190, 20.33
11.20, 0.1200, 20.52
11.21, 0.1210, 20.56
11.22, 0.1220, 20.77
11.23, 0.1230, 20.77
11.24, 0.1240, 20.59
11.25, 0.1250, 20.47
11.26, 0.1260, 20.54
11.27, 0.1270, 20.51
11.28, 0.1280, 20.57
11.29, 0.1290, 20.71
11.30, 0.1300, 20.62
11.31, 0.1310, 20.59
11.32, 0.1320, 20.60
11.33, 0.1330, 20.68
11.34, 0.1340, 20.85
11.35, 0.1350, 20.83
11.36, 0.1360, 20.82
11.37, 0.1370, 20.86
11.38, 0.1380, 20.60
11.39, 0.1390, 20.90
11.40, 0.1400, 20.74
11.41, 0.1410, 20.56
11.42, 0.1420, 20.62
11.43, 0.1430, 20.77
11.44, 0.1440, 20.76
11.45, 0.1450, 20.60
11.46, 0.1460, 20.59
11.47, 0.1470, 20.67
11.48, 0.1480, 20.62
11.49, 0.1490, 20.76
11.50, 0.1500, 20.69
11.51, 0.1510, 20.78
11.52, 0.1520, 20.49
11.53, 0.1530, 20.75
11.54, 0.1540, 20.60
11.55, 0.1550, 20.56
11.56, 0.1560, 20.85
11.57, 0.1570, 20.79
11.58, 0.1580, 20.74
11.59, 0.1590, 20.57
11.60, 0.1600, 20.88
11.61, 0.1610, 20.74
11.62, 0.1620, 20.78
11.63, 0.1630, 20.68
11.64, 0.1640, 20.76
11.65, 0.1650, 20.74
11.66, 0.1660, 20.77
11.67, 0.1670, 20.75
11.68, 0.1680, 20.81
11.69, 0.1690, 20.76
11.70, 0.1700, 20.73
11.71, 0.1710, 20.65
11.72, 0.1720, 20.87
11.73, 0.1730, 20.94
11.74, 0.1740, 20.64
11.75, 0.1750, 20.69
11.76, 0.1760, 20.96
11.77, 0.1770, 20.85
11.78, 0.1780, 20.87
11.79, 0.1790, 20.81
11.80, 0.1800, 20.85
11.81, 0.1810, 21.04
11.82, 0.1820, 20.91
11.83, 0.1830, 20.74
11.84, 0.1840, 21.00
11.85, 0.1850, 20.80
11.86, 0.1860, 20.88
11.87, 0.1870, 20.87
11.88, 0.1880, 21.05
11.89, 0.1890, 20.68
11.90, 0.1900, 20.68
11.91, 0.1910, 20.98
11.92, 0.1920, 20.79
11.93, 0.1930, 20.86
11.94, 0.1940, 20.85
11.95, 0.1950, 20.81
11.96, 0.1960, 20.73
11.97, 0.1970, 20.97
11.98, 0.1980, 21.07
11.99, 0.1990, 20.88
12.00, 0.2000, 20.84
12.01, 0.2010, 21.01
12.02, 0.2020, 20.97
12.03, 0.2030, 21.05
12.04, 0.2040, 20.80
12.05, 0.2050, 20.91
12.06, 0.2060, 20.79
12.07, 0.2070, 21.00
12.08, 0.2080, 20.87
12.09, 0.2090, 20.98
12.10, 0.2100, 20.88
12.11, 0.2110, 20.89
12.12, 0.2120, 20.97
12.13, 0.2130, 20.96
12.14, 0.2140, 20.95
12.15, 0.2150, 20.86
12.16, 0.2160, 20.96
12.17, 0.2170, 20.92
12.18, 0.2180, 21.16
12.19, 0.2190, 20.94
12.20, 0.2200, 21.00
12.21, 0.2210, 20.93
12.22, 0.2220, 20.92
12.23, 0.2230, 21.03
12.24, 0.2240, 21.03
12.25, 0.2250, 21.08
12.26, 0.2260, 20.97
12.27, 0.2270, 21.06
12.28, 0.2280, 20.94
12.29, 0.2290, 21.10
12.30, 0.2300, 21.01
12.31, 0.2310, 21.15
12.32, 0.2320, 21.00
12.33, 0.2330, 20.97
12.34, 0.2340, 21.15
12.35, 0.2350, 21.18
12.36, 0.2360, 21.08
12.37, 0.2370, 20.99
12.38, 0.2380, 20.98
12.39, 0.2390, 21.08
12.40, 0.2400, 21.04
12.41, 0.2410, 21.10
12.42, 0.2420, 20.92
12.43, 0.2430, 20.92
12.44, 0.2440, 21.10
12.45, 0.2450, 21.14
12.46, 0.2460, 21.10
12.47, 0.2470, 21.14
12.48, 0.2480, 20.97
12.49, 0.2490, 21.14
12.50, 0.2500, 20.83
12.51, 0.2510, 21.30
12.52, 0.2520, 20.98
12.53, 0.2530, 21.01
12.54, 0.2540, 21.03
12.55, 0.2550, 21.04
12.56, 0.2560, 21.06
12.57, 0.2570, 21.09
12.58, 0.2580, 20.98
12.59, 0.2590, 21.02
12.60, 0.2600, 21.36
12.61, 0.2610, 21.28
12.62, 0.2620, 21.05
12.63, 0.2630, 21.10
12.64, 0.2640, 21.00
12.65, 0.2650, 21.19
12.66, 0.2660, 21.04
12.67, 0.2670, 21.17
12.68, 0.2680, 21.04
12.69, 0.2690, 21.23
12.70, 0.2700, 21.32
12.71, 0.2710, 21.19
12.72, 0.2720, 21.19
12.73, 0.2730, 21.19
12.74, 0.2740, 21.17
12.75, 0.2750, 21.14
12.76, 0.2760, 21.21
12.77, 0.2770, 21.10
12.78, 0.2780, 21.13
12.79, 0.2790, 21.06
12.80, 0.2800, 21.21
12.81, 0.2810, 21.11
12.82, 0.2820, 21.02
12.83, 0.2830, 21.24
12.84, 0.2840, 21.37
12.85, 0.2850, 21.11
12.86, 0.2860, 21.10
12.87, 0.2870, 21.29
12.88, 0.2880, 21.29
12.89, 0.2890, 21.19
12.90, 0.2900, 21.08
12.91, 0.2910, 21.07
12.92, 0.2920, 21.22
12.93, 0.2930, 21.37
12.94, 0.2940, 21.23
12.95, 0.2950, 21.41
12.96, 0.2960, 21.12
12.97, 0.2970, 21.18
12.98, 0.2980, 21.32
12.99, 0.2990, 21.23
13.00, 0.3000, 21.26
13.01, 0.3010, 21.45
13.02, 0.3020, 21.08
13.03, 0.3030, 21.15
13.04, 0.3040, 21.32
13.05, 0.3050, 21.37
13.06, 0.3060, 21.33
13.07, 0.3070, 21.50
13.08, 0.3080, 21.39
13.09, 0.3090, 21.36
13.10, 0.3100, 21.34
13.11, 0.3110, 21.49
13.12, 0.3120, 21.21
13.13, 0.3130, 21.32
13.14, 0.3140, 21.42
13.15, 0.3150, 21.49
13.16, 0.3160, 21.28
13.17, 0.3170, 21.37
13.18, 0.3180, 21.24
13.19, 0.3190, 21.31
13.20, 0.3200, 21.53
13.21, 0.3210, 21.49
13.22, 0.3220, 21.60
13.23, 0.3230, 21.43
13.24, 0.3240, 21.23
13.25, 0.3250, 21.37
13.26, 0.3260, 21.32
13.27, 0.3270, 21.23
13.28, 0.3280, 21.45
13.29, 0.3290, 21.29
13.30, 0.3300, 21.37
13.31, 0.3310, 21.39
13.32, 0.3320, 21.39
13.33, 0.3330, 21.58
13.34, 0.3340, 21.42
13.35, 0.3350, 20.74
13.36, 0.3360, 21.08
13.37, 0.3370, 21.17
13.38, 0.3380, 21.80
13.39, 0.3390, 21.79
13.40, 0.3400, 21.27
13.41, 0.3410, 21.10
13.42, 0.3420, 21.75
13.43, 0.3430, 21.60
13.44, 0.3440, 20.80
13.45, 0.3450, 20.89
13.46, 0.3460, 21.51
13.47, 0.3470, 21.84
13.48, 0.3480, 21.55
13.49, 0.3490, 21.06
13.50, 0.3500, 21.58
13.51, 0.3510, 21.90
13.52, 0.3520, 21.46
13.53, 0.3530, 20.95
13.54, 0.3540, 21.34
13.55, 0.3550, 21.73
13.56, 0.3560, 21.56
13.57, 0.3570, 21.22
13.58, 0.3580, 20.95
13.59, 0.3590, 21.56
13.60, 0.3600, 21.61
13.61, 0.3610, 21.96
13.62, 0.3620, 21.37
13.63, 0.3630, 20.87
13.64, 0.3640, 21.08
13.65, 0.3650, 21.71
13.66, 0.3660, 22.06
13.67, 0.3670, 21.50
13.68, 0.3680, 21.10
13.69, 0.3690, 21.10
13.70, 0.3700, 21.09
13.71, 0.3710, 21.12
13.72, 0.3720, 21.73
13.73, 0.3730, 22.07
13.74, 0.3740, 21.59
13.75, 0.3750, 21.93
13.76, 0.3760, 21.11
13.77, 0.3770, 21.19
13.78, 0.3780, 21.55
13.79, 0.3790, 22.12
13.80, 0.3800, 21.92
13.81, 0.3810, 21.68
13.82, 0.3820, 21.06
13.83, 0.3830, 21.34
13.84, 0.3840, 21.85
13.85, 0.3850, 21.92
13.86, 0.3860, 21.91
13.87, 0.3870, 21.86
13.88, 0.3880, 21.59
13.89, 0.3890, 21.22
13.90, 0.3900, 21.10
13.91, 0.3910, 21.33
13.92, 0.3920, 21.15
13.93, 0.3930, 21.98
13.94, 0.3940, 21.95
13.95, 0.3950, 21.25
13.96, 0.3960, 21.23
13.97, 0.3970, 21.84
13.98, 0.3980, 22.24
13.99, 0.3990, 21.72
14.00, 0.4000, 21.20
14.01, 0.4010, 21.29
14.02, 0.4020, 21.59
14.03, 0.4030, 22.31
14.04, 0.4040, 22.15
14.05, 0.4050, 21.66
14.06, 0.4060, 21.26
14.07, 0.4070, 21.54
14.08, 0.4080, 21.61
14.09, 0.4090, 21.73
14.10, 0.4100, 21.83
14.11, 0.4110, 21.32
14.12, 0.4120, 21.66
14.13, 0.4130, 21.96
14.14, 0.4140, 21.97
14.15, 0.4150, 21.79
14.16, 0.4160, 21.67
14.17, 0.4170, 21.51
14.18, 0.4180, 21.78
14.19, 0.4190, 21.87
14.20, 0.4200, 21.86
14.21, 0.4210, 21.94
14.22, 0.4220, 21.66
14.23, 0.4230, 22.05
14.24, 0.4240, 22.07
14.25, 0.4250, 22.24
14.26, 0.4260, 22.19
14.27, 0.4270, 22.15
14.28, 0.4280, 22.10
14.29, 0.4290, 21.74
14.30, 0.4300, 21.56
14.31, 0.4310, 21.71
14.32, 0.4320, 21.40
14.33, 0.4330, 21.29
14.34, 0.4340, 21.52
14.35, 0.4350, 21.38
14.36, 0.4360, 21.98
14.37, 0.4370, 21.93
14.38, 0.4380, 21.81
14.39, 0.4390, 21.76
14.40, 0.4400, 21.61
14.41, 0.4410, 21.81
14.42, 0.4420, 21.74
14.43, 0.4430, 22.02
14.44, 0.4440, 21.79
14.45, 0.4450, 21.65
14.46, 0.4460, 21.78
14.47, 0.4470, 21.80
14.48, 0.4480, 22.01
14.49, 0.4490, 21.88
14.50, 0.4500, 21.69
14.51, 0.4510, 21.76
14.52, 0.4520, 21.82
14.53, 0.4530, 21.82
14.54, 0.4540, 21.79
14.55, 0.4550, 21.73
14.56, 0.4560, 21.91
14.57, 0.4570, 21.87
14.58, 0.4580, 21.70
14.59, 0.4590, 21.77
14.60, 0.4600, 21.73
14.61, 0.4610, 21.95
14.62, 0.4620, 21.88
14.63, 0.4630, 22.04
14.64, 0.4640, 21.92
14.65, 0.4650, 21.92
14.66, 0.4660, 21.83
14.67, 0.4670, 21.95
14.68, 0.4680, 21.69
14.69, 0.4690, 21.85
14.70, 0.4700, 21.88
14.71, 0.4710, 21.77
14.72, 0.4720, 21.81
14.73, 0.4730, 21.93
14.74, 0.4740, 21.94
14.75, 0.4750, 22.00
14.76, 0.4760, 22.14
14.77, 0.4770, 22.06
14.78, 0.4780, 21.96
14.79, 0.4790, 21.86
14.80, 0.4800, 21.76
14.81, 0.4810, 21.90
14.82, 0.4820, 21.89
14.83, 0.4830, 21.85
14.84, 0.4840, 21.91
14.85, 0.4850, 21.88
14.86, 0.4860, 21.83
14.87, 0.4870, 22.05
14.88, 0.4880, 22.03
14.89, 0.4890, 21.92
14.90, 0.4900, 21.99
14.91, 0.4910, 21.70
14.92, 0.4920, 22.00
14.93, 0.4930, 21.78
14.94, 0.4940, 21.90
14.95, 0.4950, 21.95
14.96, 0.4960, 22.05
14.97, 0.4970, 22.14
14.98, 0.4980, 22.11
14.99, 0.4990, 22.21
15.00, 0.5000, 21.84
15.01, 0.5010, 21.75
15.02, 0.5020, 21.81
15.03, 0.5030, 21.80
15.04, 0.5040, 21.99
15.05, 0.5050, 21.90
15.06, 0.5060, 21.92
15.07, 0.5070, 22.25
15.08, 0.5080, 22.15
15.09, 0.5090, 21.93
15.10, 0.5100, 22.06
15.11, 0.5110, 21.92
15.12, 0.5120, 22.20
15.13, 0.5130, 22.12
15.14, 0.5140, 22.04
15.15, 0.5150, 22.04
15.16, 0.5160, 21.99
15.17, 0.5170, 21.89
15.18, 0.5180, 21.91
15.19, 0.5190, 21.89
15.20, 0.5200, 22.18
15.21, 0.5210, 22.06
15.22, 0.5220, 22.05
15.23, 0.5230, 22.02
15.24, 0.5240, 22.23
15.25, 0.5250, 22.16
15.26, 0.5260, 21.88
15.27, 0.5270, 22.09
15.28, 0.5280, 21.90
15.29, 0.5290, 22.18
15.30, 0.5300, 22.09
15.31, 0.5310, 22.21
15.32, 0.5320, 22.26
15.33, 0.5330, 22.14
15.34, 0.5340, 21.99
15.35, 0.5350, 22.16
15.36, 0.5360, 22.19
15.37, 0.5370, 22.08
15.38, 0.5380, 22.08
15.39, 0.5390, 21.98
15.40, 0.5400, 22.22
15.41, 0.5410, 22.10
15.42, 0.5420, 22.28
15.43, 0.5430, 22.01
15.44, 0.5440, 21.91
15.45, 0.5450, 22.19
15.46, 0.5460, 22.27
15.47, 0.5470, 22.26
15.48, 0.5480, 22.30
15.49, 0.5490, 22.25
15.50, 0.5500, 22.19
15.51, 0.5510, 22.00
15.52, 0.5520, 22.26
15.53, 0.5530, 22.12
15.54, 0.5540, 22.21
15.55, 0.5550, 22.22
15.56, 0.5560, 22.12
15.57, 0.5570, 22.11
15.58, 0.5580, 22.09
15.59, 0.5590, 22.26
15.60, 0.5600, 22.19
15.61, 0.5610, 21.98
15.62, 0.5620, 22.17
15.63, 0.5630, 22.20
15.64, 0.5640, 22.20
15.65, 0.5650, 22.25
15.66, 0.5660, 22.20
15.67, 0.5670, 21.97
15.68, 0.5680, 22.17
15.69, 0.5690, 22.13
15.70, 0.5700, 22.38
15.71, 0.5710, 22.24
15.72, 0.5720, 22.36
15.73, 0.5730, 22.31
15.74, 0.5740, 22.18
15.75, 0.5750, 22.15
15.76, 0.5760, 22.15
15.77, 0.5770, 22.20
15.78, 0.5780, 22.15
15.79, 0.5790, 22.14
15.80, 0.5800, 22.22
15.81, 0.5810, 22.06
15.82, 0.5820, 22.11
15.83, 0.5830, 22.26
15.84, 0.5840, 22.32
15.85, 0.5850, 22.31
15.86, 0.5860, 22.25
15.87, 0.5870, 22.29
15.88, 0.5880, 22.16
15.89, 0.5890, 22.42
15.90, 0.5900, 22.31
15.91, 0.5910, 22.25
15.92, 0.5920, 22.46
15.93, 0.5930, 22.36
15.94, 0.5940, 22.29
15.95, 0.5950, 22.35
15.96, 0.5960, 22.24
15.97, 0.5970, 22.30
15.98, 0.5980, 22.32
15.99, 0.5990, 22.49
16.00, 0.6000, 22.48
16.01, 0.6010, 22.11
16.02, 0.6020, 22.33
16.03, 0.6030, 22.18
16.04, 0.6040, 22.45
16.05, 0.6050, 22.41
16.06, 0.6060, 22.38
16.07, 0.6070, 22.33
16.08, 0.6080, 22.37
16.09, 0.6090, 22.43
16.10, 0.6100, 22.37
16.11, 0.6110, 22.25
16.12, 0.6120, 22.34
16.13, 0.6130, 22.23
16.14, 0.6140, 22.43
16.15, 0.6150, 22.27
16.16, 0.6160, 22.37
16.17, 0.6170, 22.36
16.18, 0.6180, 22.43
16.19, 0.6190, 22.39
16.20, 0.6200, 22.37
16.21, 0.6210, 22.33
16.22, 0.6220, 22.44
16.23, 0.6230, 22.33
16.24, 0.6240, 22.40
16.25, 0.6250, 22.41
16.26, 0.6260, 22.36
16.27, 0.6270, 22.38
16.28, 0.6280, 22.38
16.29, 0.6290, 22.44
16.30, 0.6300, 22.39
16.31, 0.6310, 22.50
16.32, 0.6320, 22.30
16.33, 0.6330, 22.44
16.34, 0.6340, 22.44
16.35, 0.6350, 22.42
16.36, 0.6360, 22.36
16.37, 0.6370, 22.22
16.38, 0.6380, 22.46
16.39, 0.6390, 22.45
16.40, 0.6400, 22.42
16.41, 0.6410, 22.62
16.42, 0.6420, 22.46
16.43, 0.6430, 22.39
16.44, 0.6440, 22.36
16.45, 0.6450, 22.63
16.46, 0.6460, 22.34
16.47, 0.6470, 22.48
16.48, 0.6480, 22.42
16.49, 0.6490, 22.48
16.50, 0.6500, 22.42
16.51, 0.6510, 22.36
16.52, 0.6520, 22.31
16.53, 0.6530, 22.32
16.54, 0.6540, 22.45
16.55, 0.6550, 22.59
16.56, 0.6560, 22.33
16.57, 0.6570, 22.56
16.58, 0.6580, 22.29
16.59, 0.6590, 22.32
16.60, 0.6600, 22.44
16.61, 0.6610, 22.37
16.62, 0.6620, 22.60
16.63, 0.6630, 22.35
16.64, 0.6640, 22.40
16.65, 0.6650, 22.37
16.66, 0.6660, 22.43
16.67, 0.6670, 22.61
16.68, 0.6680, 22.62
16.69, 0.6690, 22.51
16.70, 0.6700, 22.47
16.71, 0.6710, 22.44
16.72, 0.6720, 22.35
16.73, 0.6730, 22.42
16.74, 0.6740, 22.61
16.75, 0.6750, 22.59
16.76, 0.6760, 22.53
16.77, 0.6770, 22.45
16.78, 0.6780, 22.50
16.79, 0.6790, 22.54
16.80, 0.6800, 22.47
16.81, 0.6810, 22.51
16.82, 0.6820, 22.41
16.83, 0.6830, 22.48
16.84, 0.6840, 22.49
16.85, 0.6850, 22.35
16.86, 0.6860, 22.33
16.87, 0.6870, 22.46
16.88, 0.6880, 22.51
16.89, 0.6890, 22.37
16.90, 0.6900, 22.45
16.91, 0.6910, 22.50
16.92, 0.6920, 22.42
16.93, 0.6930, 22.48
16.94, 0.6940, 22.59
16.95, 0.6950, 22.51
16.96, 0.6960, 22.52
16.97, 0.6970, 22.63
16.98, 0.6980, 22.53
16.99, 0.6990, 22.34
17.00, 0.7000, 22.43
17.01, 0.7010, 22.55
17.02, 0.7020, 22.56
17.03, 0.7030, 22.44
17.04, 0.7040, 22.54
17.05, 0.7050, 22.48
17.06, 0.7060, 22.68
17.07, 0.7070, 22.49
17.08, 0.7080, 22.56
17.09, 0.7090, 22.46
17.10, 0.7100, 22.46
17.11, 0.7110, 22.54
17.12, 0.7120, 22.47
17.13, 0.7130, 22.47
17.14, 0.7140, 22.54
17.15, 0.7150, 22.58
17.16, 0.7160, 22.45
17.17, 0.7170, 22.50
17.18, 0.7180, 22.49
17.19, 0.7190, 22.63
17.20, 0.7200, 22.60
17.21, 0.7210, 22.52
17.22, 0.7220, 22.53
17.23, 0.7230, 22.73
17.24, 0.7240, 22.61
17.25, 0.7250, 22.50
17.26, 0.7260, 22.57
17.27, 0.7270, 22.65
17.28, 0.7280, 22.43
17.29, 0.7290, 22.59
17.30, 0.7300, 22.64
17.31, 0.7310, 22.80
17.32, 0.7320, 22.57
17.33, 0.7330, 22.68
17.34, 0.7340, 22.34
17.35, 0.7350, 22.62
17.36, 0.7360, 22.54
17.37, 0.7370, 22.57
17.38, 0.7380, 22.41
17.39, 0.7390, 22.49
17.40, 0.7400, 22.56
17.41, 0.7410, 22.68
17.42, 0.7420, 22.66
17.43, 0.7430, 22.63
17.44, 0.7440, 22.65
17.45, 0.7450, 22.69
17.46, 0.7460, 22.67
17.47, 0.7470, 22.50
17.48, 0.7480, 22.66
17.49, 0.7490, 22.58
17.50, 0.7500, 22.80
17.51, 0.7510, 22.45
17.52, 0.7520, 22.58
17.53, 0.7530, 22.70
17.54, 0.7540, 22.54
17.55, 0.7550, 22.70
17.56, 0.7560, 22.63
17.57, 0.7570, 22.61
17.58, 0.7580, 22.72
17.59, 0.7590, 22.69
17.60, 0.7600, 22.68
17.61, 0.7610, 22.67
17.62, 0.7620, 22.65
17.63, 0.7630, 22.60
17.64, 0.7640, 22.55
17.65, 0.7650, 22.68
17.66, 0.7660, 22.53
17.67, 0.7670, 22.64
17.68, 0.7680, 22.62
17.69, 0.7690, 22.59
17.70, 0.7700, 22.55
17.71, 0.7710, 22.76
17.72, 0.7720, 22.90
17.73, 0.7730, 22.52
17.74, 0.7740, 22.71
17.75, 0.7750, 22.59
17.76, 0.7760, 22.69
17.77, 0.7770, 22.67
17.78, 0.7780, 22.89
17.79, 0.7790, 22.69
17.80, 0.7800, 22.61
17.81, 0.7810, 22.73
17.82, 0.7820, 22.71
17.83, 0.7830, 22.75
17.84, 0.7840, 22.78
17.85, 0.7850, 22.78
17.86, 0.7860, 22.72
17.87, 0.7870, 22.62
17.88, 0.7880, 22.90
17.89, 0.7890, 22.74
17.90, 0.7900, 22.83
17.91, 0.7910, 22.68
17.92, 0.7920, 22.60
17.93, 0.7930, 22.61
17.94, 0.7940, 22.87
17.95, 0.7950, 22.62
17.96, 0.7960, 22.68
17.97, 0.7970, 22.72
17.98, 0.7980, 22.64
17.99, 0.7990, 22.81
18.00, 0.8000, 22.87
18.01, 0.8010, 22.91
18.02, 0.8020, 22.60
18.03, 0.8030, 22.75
18.04, 0.8040, 22.82
18.05, 0.8050, 22.77
18.06, 0.8060, 22.82
18.07, 0.8070, 22.78
18.08, 0.8080, 22.79
18.09, 0.8090, 22.80
18.10, 0.8100, 22.72
18.11, 0.8110, 22.80
18.12, 0.8120, 22.79
18.13, 0.8130, 22.73
18.14, 0.8140, 22.79
18.15, 0.8150, 22.80
18.16, 0.8160, 22.71
18.17, 0.8170, 22.88
18.18, 0.8180, 22.80
18.19, 0.8190, 22.73
18.20, 0.8200, 22.82
18.21, 0.8210, 22.71
18.22, 0.8220, 22.72
18.23, 0.8230, 22.74
18.24, 0.8240, 22.90
18.25, 0.8250, 22.77
18.26, 0.8260, 22.77
18.27, 0.8270, 22.80
18.28, 0.8280, 22.71
18.29, 0.8290, 22.86
18.30, 0.8300, 22.92
18.31, 0.8310, 22.67
18.32, 0.8320, 22.74
18.33, 0.8330, 22.98
18.34, 0.8340, 22.71
18.35, 0.8350, 22.96
18.36, 0.8360, 22.82
18.37, 0.8370, 22.81
18.38, 0.8380, 22.81
18.39, 0.8390, 22.82
18.40, 0.8400, 22.83
18.41, 0.8410, 22.84
18.42, 0.8420, 22.89
18.43, 0.8430, 22.84
18.44, 0.8440, 22.77
18.45, 0.8450, 22.71
18.46, 0.8460, 22.84
18.47, 0.8470, 22.85
18.48, 0.8480, 22.87
18.49, 0.8490, 22.85
18.50, 0.8500, 22.73
18.51, 0.8510, 22.83
18.52, 0.8520, 22.82
18.53, 0.8530, 22.94
18.54, 0.8540, 22.70
18.55, 0.8550, 22.69
18.56, 0.8560, 22.75
18.57, 0.8570, 22.84
18.58, 0.8580, 22.90
18.59, 0.8590, 22.88
18.60, 0.8600, 22.83
18.61, 0.8610, 22.83
18.62, 0.8620, 22.91
18.63, 0.8630, 22.72
18.64, 0.8640, 23.05
18.65, 0.8650, 22.99
18.66, 0.8660, 22.75
18.67, 0.8670, 22.83
18.68, 0.8680, 22.89
18.69, 0.8690, 22.93
18.70, 0.8700, 22.86
18.71, 0.8710, 23.04
18.72, 0.8720, 22.77
18.73, 0.8730, 22.96
18.74, 0.8740, 22.87
18.75, 0.8750, 23.20
18.76, 0.8760, 22.99
18.77, 0.8770, 22.94
18.78, 0.8780, 23.00
18.79, 0.8790, 22.78
18.80, 0.8800, 22.82
18.81, 0.8810, 23.04
18.82, 0.8820, 22.85
18.83, 0.8830, 23.06
18.84, 0.8840, 22.91
18.85, 0.8850, 22.91
18.86, 0.8860, 22.86
18.87, 0.8870, 22.79
18.88, 0.8880, 22.92
18.89, 0.8890, 22.84
18.90, 0.8900, 22.86
18.91, 0.8910, 22.99
18.92, 0.8920, 22.95
18.93, 0.8930, 23.04
18.94, 0.8940, 22.91
18.95, 0.8950, 22.92
18.96, 0.8960, 22.83
18.97, 0.8970, 23.06
18.98, 0.8980, 22.80
18.99, 0.8990, 22.92
19.00, 0.9000, 22.88
19.01, 0.9010, 22.94
19.02, 0.9020, 22.90
19.03, 0.9030, 23.01
19.04, 0.9040, 23.08
19.05, 0.9050, 23.02
19.06, 0.9060, 23.06
19.07, 0.9070, 22.79
19.08, 0.9080, 23.03
19.09, 0.9090, 22.92
19.10, 0.9100, 23.00
19.11, 0.9110, 22.92
19.12, 0.9120, 23.23
19.13, 0.9130, 22.94
19.14, 0.9140, 23.12
19.15, 0.9150, 22.96
19.16, 0.9160, 22.96
19.17, 0.9170, 23.02
19.18, 0.9180, 22.97
19.19, 0.9190, 23.06
19.20, 0.9200, 22.92
19.21, 0.9210, 22.98
19.22, 0.9220, 22.99
19.23, 0.9230, 23.24
19.24, 0.9240, 22.92
19.25, 0.9250, 22.95
19.26, 0.9260, 22.91
19.27, 0.9270, 22.94
19.28, 0.9280, 23.04
19.29, 0.9290, 23.08
19.30, 0.9300, 23.03
19.31, 0.9310, 22.89
19.32, 0.9320, 23.03
19.33, 0.9330, 23.06
19.34, 0.9340, 22.99
19.35, 0.9350, 23.18
19.36, 0.9360, 23.13
19.37, 0.9370, 22.89
19.38, 0.9380, 23.02
19.39, 0.9390, 22.95
19.40, 0.9400, 23.04
19.41, 0.9410, 23.04
19.42, 0.9420, 23.10
19.43, 0.9430, 22.96
19.44, 0.9440, 22.98
19.45, 0.9450, 23.09
19.46, 0.9460, 23.03
19.47, 0.9470, 23.14
19.48, 0.9480, 23.12
19.49, 0.9490, 22.90
19.50, 0.9500, 23.00
19.51, 0.9510, 23.19
19.52, 0.9520, 23.30
19.53, 0.9530, 23.13
19.54, 0.9540, 23.14
19.55, 0.9550, 23.00
19.56, 0.9560, 23.12
19.57, 0.9570, 23.12
19.58, 0.9580, 23.02
19.59, 0.9590, 23.15
19.60, 0.9600, 23.16
19.61, 0.9610, 23.16
19.62, 0.9620, 23.09
19.63, 0.9630, 23.06
19.64, 0.9640, 23.11
19.65, 0.9650, 23.05
19.66, 0.9660, 23.06
19.67, 0.9670, 23.29
19.68, 0.9680, 23.12
19.69, 0.9690, 23.26
19.70, 0.9700, 23.31
19.71, 0.9710, 23.17
19.72, 0.9720, 23.05
19.73, 0.9730, 23.11
19.74, 0.9740, 23.20
19.75, 0.9750, 23.18
19.76, 0.9760, 23.15
19.77, 0.9770, 23.11
19.78, 0.9780, 23.09
19.79, 0.9790, 23.09
19.80, 0.9800, 23.13
19.81, 0.9810, 23.15
19.82, 0.9820, 23.18
19.83, 0.9830, 23.14
19.84, 0.9840, 23.14
19.85, 0.9850, 23.20
19.86, 0.9860, 23.26
19.87, 0.9870, 23.06
19.88, 0.9880, 23.24
19.89, 0.9890, 23.18
19.90, 0.9900, 23.18
19.91, 0.9910, 23.20
19.92, 0.9920, 23.19
19.93, 0.9930, 23.07
19.94, 0.9940, 23.07
19.95, 0.9950, 23.12
19.96, 0.9960, 23.22
19.97, 0.9970, 23.02
19.98, 0.9980, 23.18
19.99, 0.9990, 23.23
20.00, 1.000, 23.23
20.01, 0.9990, 23.24
20.02, 0.9980, 23.04
20.03, 0.9970, 23.04
20.04, 0.9960, 23.02
20.05, 0.9950, 23.15
20.06, 0.9940, 23.05
20.07, 0.9930, 23.08
20.08, 0.9920, 23.22
20.09, 0.9910, 22.97
20.10, 0.9900, 23.03
20.11, 0.9890, 23.02
20.12, 0.9880, 23.02
20.13, 0.9870, 22.85
20.14, 0.9860, 22.95
20.15, 0.9850, 22.83
20.16, 0.9840, 22.92
20.17, 0.9830, 22.95
20.18, 0.9820, 22.90
20.19, 0.9810, 22.83
20.20, 0.9800, 22.88
20.21, 0.9790, 22.70
20.22, 0.9780, 22.82
20.23, 0.9770, 22.74
20.24, 0.9760, 22.86
20.25, 0.9750, 22.81
20.26, 0.9740, 22.90
20.27, 0.9730, 22.75
20.28, 0.9720, 22.77
20.29, 0.9710, 22.89
20.30, 0.9700, 22.75
20.31, 0.9690, 22.84
20.32, 0.9680, 22.82
20.33, 0.9670, 22.68
20.34, 0.9660, 22.73
20.35, 0.9650, 22.80
20.36, 0.9640, 22.84
20.37, 0.9630, 22.74
20.38, 0.9620, 22.55
20.39, 0.9610, 22.56
20.40, 0.9600, 22.63
20.41, 0.9590, 22.61
20.42, 0.9580, 22.69
20.43, 0.9570, 22.55
20.44, 0.9560, 22.54
20.45, 0.9550, 22.50
20.46, 0.9540, 22.62
20.47, 0.9530, 22.64
20.48, 0.9520, 22.65
20.49, 0.9510, 22.53
20.50, 0.9500, 22.65
20.51, 0.9490, 22.47
20.52, 0.9480, 22.57
20.53, 0.9470, 22.55
20.54, 0.9460, 22.52
20.55, 0.9450, 22.50
20.56, 0.9440, 22.32
20.57, 0.9430, 22.59
20.58, 0.9420, 22.36
20.59, 0.9410, 22.41
20.60, 0.9400, 22.28
20.61, 0.9390, 22.41
20.62, 0.9380, 22.32
20.63, 0.9370, 22.34
20.64, 0.9360, 22.27
20.65, 0.9350, 22.40
20.66, 0.9340, 22.31
20.67, 0.9330, 22.24
20.68, 0.9320, 22.24
20.69, 0.9310, 22.25
20.70, 0.9300, 22.39
20.71, 0.9290, 22.38
20.72, 0.9280, 22.27
20.73, 0.9270, 22.08
20.74, 0.9260, 22.24
20.75, 0.9250, 22.18
20.76, 0.9240, 22.18
20.77, 0.9230, 22.23
20.78, 0.9220, 22.19
20.79, 0.9210, 22.09
20.80, 0.9200, 22.03
20.81, 0.9190, 22.19
20.82, 0.9180, 22.28
20.83, 0.9170, 22.17
20.84, 0.9160, 22.10
20.85, 0.9150, 22.21
20.86, 0.9140, 22.24
20.87, 0.9130, 22.18
20.88, 0.9120, 22.06
20.89, 0.9110, 21.92
20.90, 0.9100, 22.10
20.91, 0.9090, 22.24
20.92, 0.9080, 21.99
20.93, 0.9070, 22.16
20.94, 0.9060, 21.94
20.95, 0.9050, 22.11
20.96, 0.9040, 22.07
20.97, 0.9030, 21.91
20.98, 0.9020, 22.03
20.99, 0.9010, 22.04
21.00, 0.9000, 22.06
21.01, 0.8990, 22.03
21.02, 0.8980, 22.03
21.03, 0.8970, 21.95
21.04, 0.8960, 21.79
21.05, 0.8950, 22.00
21.06, 0.8940, 21.98
21.07, 0.8930, 21.80
21.08, 0.8920, 21.96
21.09, 0.8910, 21.96
21.10, 0.8900, 21.85
21.11, 0.8890, 21.87
21.12, 0.8880, 21.75
21.13, 0.8870, 21.86
21.14, 0.8860, 21.91
21.15, 0.8850, 21.77
21.16, 0.8840, 21.83
21.17, 0.8830, 21.88
21.18, 0.8820, 21.86
21.19, 0.8810, 21.70
21.20, 0.8800, 21.79
21.21, 0.8790, 21.81
21.22, 0.8780, 21.70
21.23, 0.8770, 21.70
21.24, 0.8760, 21.77
21.25, 0.8750, 21.62
21.26, 0.8740, 21.81
21.27, 0.8730, 21.80
21.28, 0.8720, 21.73
21.29, 0.8710, 21.72
21.30, 0.8700, 21.56
21.31, 0.8690, 21.72
21.32, 0.8680, 21.56
21.33, 0.8670, 21.71
21.34, 0.8660, 21.61
21.35, 0.8650, 21.61
21.36, 0.8640, 21.53
21.37, 0.8630, 21.69
21.38, 0.8620, 21.54
21.39, 0.8610, 21.51
21.40, 0.8600, 21.55
21.41, 0.8590, 21.64
21.42, 0.8580, 21.66
21.43, 0.8570, 21.53
21.44, 0.8560, 21.59
21.45, 0.8550, 21.53
21.46, 0.8540, 21.55
21.47, 0.8530, 21.48
21.48, 0.8520, 21.43
21.49, 0.8510, 21.57
21.50, 0.8500, 21.49
21.51, 0.8490, 21.55
21.52, 0.8480, 21.64
21.53, 0.8470, 21.40
21.54, 0.8460, 21.45
21.55, 0.8450, 21.47
21.56, 0.8440, 21.51
21.57, 0.8430, 21.34
21.58, 0.8420, 21.36
21.59, 0.8410, 21.40
21.60, 0.8400, 21.34
21.61, 0.8390, 21.40
21.62, 0.8380, 21.38
21.63, 0.8370, 21.36
21.64, 0.8360, 21.41
21.65, 0.8350, 21.28
21.66, 0.8340, 21.29
21.67, 0.8330, 21.38
21.68, 0.8320, 21.37
21.69, 0.8310, 21.31
21.70, 0.8300, 21.27
21.71, 0.8290, 21.24
21.72, 0.8280, 21.33
21.73, 0.8270, 21.23
21.74, 0.8260, 21.31
21.75, 0.8250, 21.18
21.76, 0.8240, 21.29
21.77, 0.8230, 21.26
21.78, 0.8220, 21.26
21.79, 0.8210, 21.16
21.80, 0.8200, 21.30
21.81, 0.8190, 21.20
21.82, 0.8180, 21.11
21.83, 0.8170, 21.11
21.84, 0.8160, 21.05
21.85, 0.8150, 21.11
21.86, 0.8140, 21.25
21.87, 0.8130, 21.13
21.88, 0.8120, 21.16
21.89, 0.8110, 21.22
21.90, 0.8100, 21.19
21.91, 0.8090, 21.19
21.92, 0.8080, 21.17
21.93, 0.8070, 21.22
21.94, 0.8060, 21.26
21.95, 0.8050, 21.07
21.96, 0.8040, 21.17
21.97, 0.8030, 20.83
21.98, 0.8020, 20.91
21.99, 0.8010, 20.95
22.00, 0.8000, 20.76
22.01, 0.7990, 20.97
22.02, 0.7980, 20.80
22.03, 0.7970, 21.02
22.04, 0.7960, 20.89
22.05, 0.7950, 20.90
22.06, 0.7940, 20.73
22.07, 0.7930, 20.81
22.08, 0.7920, 20.90
22.09, 0.7910, 20.94
22.10, 0.7900, 20.82
22.11, 0.7890, 20.93
22.12, 0.7880, 20.77
22.13, 0.7870, 20.79
22.14, 0.7860, 20.88
22.15, 0.7850, 20.75
22.16, 0.7840, 20.79
22.17, 0.7830, 20.89
22.18, 0.7820, 20.87
22.19, 0.7810, 20.65
22.20, 0.7800, 20.68
22.21, 0.7790, 20.66
22.22, 0.7780, 20.88
22.23, 0.7770, 20.79
22.24, 0.7760, 20.85
22.25, 0.7750, 20.83
22.26, 0.7740, 20.74
22.27, 0.7730, 20.60
22.28, 0.7720, 20.68
22.29, 0.7710, 20.68
22.30, 0.7700, 20.71
22.31, 0.7690, 20.65
22.32, 0.7680, 20.57
22.33, 0.7670, 20.76
22.34, 0.7660, 20.82
22.35, 0.7650, 20.72
22.36, 0.7640, 20.54
22.37, 0.7630, 20.82
22.38, 0.7620, 20.66
22.39, 0.7610, 20.78
22.40, 0.7600, 20.71
22.41, 0.7590, 20.87
22.42, 0.7580, 20.74
22.43, 0.7570, 20.68
22.44, 0.7560, 20.88
22.45, 0.7550, 20.62
22.46, 0.7540, 20.76
22.47, 0.7530, 20.78
22.48, 0.7520, 20.95
22.49, 0.7510, 20.77
22.50, 0.7500, 20.64
22.51, 0.7490, 20.76
22.52, 0.7480, 20.72
22.53, 0.7470, 20.76
22.54, 0.7460, 20.80
22.55, 0.7450, 20.59
22.56, 0.7440, 20.66
22.57, 0.7430, 20.66
22.58, 0.7420, 20.68
22.59, 0.7410, 20.81
22.60, 0.7400, 20.73
22.61, 0.7390, 20.60
22.62, 0.7380, 20.61
22.63, 0.7370, 20.56
22.64, 0.7360, 20.62
22.65, 0.7350, 20.57
22.66, 0.7340, 20.47
22.67, 0.7330, 20.49
22.68, 0.7320, 20.59
22.69, 0.7310, 20.59
22.70, 0.7300, 20.50
22.71, 0.7290, 20.62
22.72, 0.7280, 20.46
22.73, 0.7270, 20.57
22.74, 0.7260, 20.71
22.75, 0.7250, 20.65
22.76, 0.7240, 20.45
22.77, 0.7230, 20.42
22.78, 0.7220, 20.49
22.79, 0.7210, 20.35
22.80, 0.7200, 20.47
22.81, 0.7190, 20.59
22.82, 0.7180, 20.53
22.83, 0.7170, 20.71
22.84, 0.7160, 20.50
22.85, 0.7150, 20.45
22.86, 0.7140, 20.44
22.87, 0.7130, 20.41
22.88, 0.7120, 20.37
22.89, 0.7110, 20.73
22.90, 0.7100, 20.43
22.91, 0.7090, 20.25
22.92, 0.7080, 20.32
22.93, 0.7070, 20.36
22.94, 0.7060, 20.36
22.95, 0.7050, 20.39
22.96, 0.7040, 20.42
22.97, 0.7030, 20.31
22.98, 0.7020, 20.10
22.99, 0.7010, 20.32
23.00, 0.7000, 20.32
23.01, 0.6990, 20.35
23.02, 0.6980, 20.24
23.03, 0.6970, 20.30
23.04, 0.6960, 20.16
23.05, 0.6950, 20.28
23.06, 0.6940, 20.38
23.07, 0.6930, 20.45
23.08, 0.6920, 20.38
23.09, 0.6910, 20.30
23.10, 0.6900, 20.19
23.11, 0.6890, 20.29
23.12, 0.6880, 20.38
23.13, 0.6870, 20.18
23.14, 0.6860, 20.25
23.15, 0.6850, 20.36
23.16, 0.6840, 20.19
23.17, 0.6830, 20.46
23.18, 0.6820, 20.13
23.19, 0.6810, 20.16
23.20, 0.6800, 20.24
23.21, 0.6790, 20.43
23.22, 0.6780, 20.30
23.23, 0.6770, 20.23
23.24, 0.6760, 20.28
23.25, 0.6750, 20.14
23.26, 0.6740, 20.05
23.27, 0.6730, 20.03
23.28, 0.6720, 19.93
23.29, 0.6710, 20.09
23.30, 0.6700, 20.09
23.31, 0.6690, 20.06
23.32, 0.6680, 20.23
23.33, 0.6670, 19.98
23.34, 0.6660, 20.08
23.35, 0.6650, 20.02
23.36, 0.6640, 20.26
23.37, 0.6630, 20.17
23.38, 0.6620, 20.20
23.39, 0.6610, 20.17
23.40, 0.6600, 20.17
23.41, 0.6590, 20.06
23.42, 0.6580, 20.10
23.43, 0.6570, 20.31
23.44, 0.6560, 20.09
23.45, 0.6550, 20.22
23.46, 0.6540, 19.95
23.47, 0.6530, 19.90
23.48, 0.6520, 19.99
23.49, 0.6510, 20.05
23.50, 0.6500, 20.00
23.51, 0.6490, 19.98
23.52, 0.6480, 19.90
23.53, 0.6470, 19.80
23.54, 0.6460, 19.88
23.55, 0.6450, 20.12
23.56, 0.6440, 19.98
23.57, 0.6430, 20.15
23.58, 0.6420, 19.76
23.59, 0.6410, 19.91
23.60, 0.6400, 19.89
23.61, 0.6390, 19.93
23.62, 0.6380, 19.95
23.63, 0.6370, 19.90
23.64, 0.6360, 19.89
23.65, 0.6350, 20.05
23.66, 0.6340, 19.85
23.67, 0.6330, 19.82
23.68, 0.6320, 19.95
23.69, 0.6310, 20.08
23.70, 0.6300, 19.90
23.71, 0.6290, 19.89
23.72, 0.6280, 19.80
23.73, 0.6270, 19.80
23.74, 0.6260, 19.92
23.75, 0.6250, 19.93
23.76, 0.6240, 19.91
23.77, 0.6230, 19.84
23.78, 0.6220, 19.71
23.79, 0.6210, 19.82
23.80, 0.6200, 19.77
23.81, 0.6190, 19.84
23.82, 0.6180, 19.90
23.83, 0.6170, 19.80
23.84, 0.6160, 19.80
23.85, 0.6150, 19.89
23.86, 0.6140, 19.82
23.87, 0.6130, 19.85
23.88, 0.6120, 19.97
23.89, 0.6110, 19.58
23.90, 0.6100, 19.68
23.91, 0.6090, 19.85
23.92, 0.6080, 19.85
23.93, 0.6070, 19.95
23.94, 0.6060, 19.68
23.95, 0.6050, 19.68
23.96, 0.6040, 19.84
23.97, 0.6030, 19.88
23.98, 0.6020, 19.81
23.99, 0.6010, 19.91
24.00, 0.6000, 19.69
24.01, 0.5990, 19.64
24.02, 0.5980, 19.66
24.03, 0.5970, 19.74
24.04, 0.5960, 19.57
24.05, 0.5950, 19.62
24.06, 0.5940, 19.64
24.07, 0.5930, 19.65
24.08, 0.5920, 19.66
24.09, 0.5910, 19.79
24.10, 0.5900, 19.56
24.11, 0.5890, 19.55
24.12, 0.5880, 19.60
24.13, 0.5870, 19.63
24.14, 0.5860, 19.83
24.15, 0.5850, 19.58
24.16, 0.5840, 19.72
24.17, 0.5830, 19.64
24.18, 0.5820, 19.47
24.19, 0.5810, 19.70
24.20, 0.5800, 19.56
24.21, 0.5790, 19.64
24.22, 0.5780, 19.66
24.23, 0.5770, 19.67
24.24, 0.5760, 19.63
24.25, 0.5750, 19.62
24.26, 0.5740, 19.51
24.27, 0.5730, 19.48
24.28, 0.5720, 19.63
24.29, 0.5710, 19.57
24.30, 0.5700, 19.64
24.31, 0.5690, 19.62
24.32, 0.5680, 19.63
24.33, 0.5670, 19.73
24.34, 0.5660, 19.66
24.35, 0.5650, 19.51
24.36, 0.5640, 19.69
24.37, 0.5630, 19.59
24.38, 0.5620, 19.66
24.39, 0.5610, 19.16
24.40, 0.5600, 19.82
24.41, 0.5590, 19.62
24.42, 0.5580, 19.34
24.43, 0.5570, 19.18
24.44, 0.5560, 19.57
24.45, 0.5550, 19.70
24.46, 0.5540, 19.65
24.47, 0.5530, 19.15
24.48, 0.5520, 19.31
24.49, 0.5510, 19.82
24.50, 0.5500, 19.44
24.51, 0.5490, 19.13
24.52, 0.5480, 19.73
24.53, 0.5470, 19.72
24.54, 0.5460, 18.99
24.55, 0.5450, 19.46
24.56, 0.5440, 19.62
24.57, 0.5430, 19.53
24.58, 0.5420, 18.87
24.59, 0.5410, 19.22
24.60, 0.5400, 19.79
24.61, 0.5390, 19.82
24.62, 0.5380, 19.15
24.63, 0.5370, 19.01
24.64, 0.5360, 19.46
24.65, 0.5350, 19.76
24.66, 0.5340, 19.14
24.67, 0.5330, 19.21
24.68, 0.5320, 19.76
24.69, 0.5310, 19.72
24.70, 0.5300, 18.90
24.71, 0.5290, 19.06
24.72, 0.5280, 19.58
24.73, 0.5270, 19.77
24.74, 0.5260, 19.47
24.75, 0.5250, 19.02
24.76, 0.5240, 19.75
24.77, 0.5230, 19.41
24.78, 0.5220, 19.10
24.79, 0.5210, 19.40
24.80, 0.5200, 19.62
24.81, 0.5190, 18.99
24.82, 0.5180, 19.41
24.83, 0.5170, 19.46
24.84, 0.5160, 19.04
24.85, 0.5150, 19.68
24.86, 0.5140, 18.96
24.87, 0.5130, 19.34
24.88, 0.5120, 19.42
24.89, 0.5110, 18.85
24.90, 0.5100, 19.14
24.91, 0.5090, 19.80
24.92, 0.5080, 18.93
24.93, 0.5070, 19.46
24.94, 0.5060, 19.46
24.95, 0.5050, 18.77
24.96, 0.5040, 19.00
24.97, 0.5030, 19.72
24.98, 0.5020, 19.05
24.99, 0.5010, 18.98
25.00, 0.5000, 19.36
25.01, 0.4990, 18.93
25.02, 0.4980, 19.48
25.03, 0.4970, 19.33
25.04, 0.4960, 19.26
25.05, 0.4950, 19.39
25.06, 0.4940, 18.84
25.07, 0.4930, 19.66
25.08, 0.4920, 18.95
25.09, 0.4910, 19.29
25.10, 0.4900, 18.97
25.11, 0.4890, 19.28
25.12, 0.4880, 19.50
25.13, 0.4870, 18.67
25.14, 0.4860, 19.32
25.15, 0.4850, 19.64
25.16, 0.4840, 18.77
25.17, 0.4830, 19.52
25.18, 0.4820, 19.04
25.19, 0.4810, 19.22
25.20, 0.4800, 19.52
25.21, 0.4790, 18.66
25.22, 0.4780, 19.20
25.23, 0.4770, 19.44
25.24, 0.4760, 18.71
25.25, 0.4750, 19.31
25.26, 0.4740, 18.77
25.27, 0.4730, 18.97
25.28, 0.4720, 19.28
25.29, 0.4710, 18.85
25.30, 0.4700, 19.37
25.31, 0.4690, 18.89
25.32, 0.4680, 18.78
25.33, 0.4670, 19.52
25.34, 0.4660, 18.87
25.35, 0.4650, 19.44
25.36, 0.4640, 18.82
25.37, 0.4630, 18.92
25.38, 0.4620, 19.33
25.39, 0.4610, 18.82
25.40, 0.4600, 19.30
25.41, 0.4590, 18.96
25.42, 0.4580, 19.08
25.43, 0.4570, 18.85
25.44, 0.4560, 18.97
25.45, 0.4550, 19.10
25.46, 0.4540, 19.19
25.47, 0.4530, 19.01
25.48, 0.4520, 19.18
25.49, 0.4510, 19.07
25.50, 0.4500, 18.95
25.51, 0.4490, 19.03
25.52, 0.4480, 19.18
25.53, 0.4470, 19.05
25.54, 0.4460, 19.04
25.55, 0.4450, 19.12
25.56, 0.4440, 18.94
25.57, 0.4430, 19.10
25.58, 0.4420, 19.00
25.59, 0.4410, 18.92
25.60, 0.4400, 19.04
25.61, 0.4390, 18.97
25.62, 0.4380, 18.79
25.63, 0.4370, 19.09
25.64, 0.4360, 19.02
25.65, 0.4350, 18.99
25.66, 0.4340, 19.19
25.67, 0.4330, 18.93
25.68, 0.4320, 18.83
25.69, 0.4310, 19.00
25.70, 0.4300, 18.97
25.71, 0.4290, 18.96
25.72, 0.4280, 18.99
25.73, 0.4270, 19.01
25.74, 0.4260, 18.84
25.75, 0.4250, 18.84
25.76, 0.4240, 18.87
25.77, 0.4230, 18.91
25.78, 0.4220, 19.03
25.79, 0.4210, 18.98
25.80, 0.4200, 18.91
25.81, 0.4190, 18.91
25.82, 0.4180, 18.83
25.83, 0.4170, 18.98
25.84, 0.4160, 18.95
25.85, 0.4150, 18.77
25.86, 0.4140, 18.94
25.87, 0.4130, 18.86
25.88, 0.4120, 18.81
25.89, 0.4110, 18.98
25.90, 0.4100, 18.87
25.91, 0.4090, 18.87
25.92, 0.4080, 18.68
25.93, 0.4070, 18.92
25.94, 0.4060, 18.96
25.95, 0.4050, 18.89
25.96, 0.4040, 18.91
25.97, 0.4030, 18.93
25.98, 0.4020, 18.90
25.99, 0.4010, 18.96
26.00, 0.4000, 18.80
26.01, 0.3990, 18.75
26.02, 0.3980, 19.04
26.03, 0.3970, 18.84
26.04, 0.3960, 18.90
26.05, 0.3950, 18.82
26.06, 0.3940, 18.83
26.07, 0.3930, 18.92
26.08, 0.3920, 18.83
26.09, 0.3910, 18.88
26.10, 0.3900, 18.69
26.11, 0.3890, 18.59
26.12, 0.3880, 18.75
26.13, 0.3870, 18.94
26.14, 0.3860, 18.83
26.15, 0.3850, 18.71
26.16, 0.3840, 18.83
26.17, 0.3830, 18.67
26.18, 0.3820, 18.71
26.19, 0.3810, 18.78
26.20, 0.3800, 18.87
26.21, 0.3790, 18.85
26.22, 0.3780, 18.64
26.23, 0.3770, 18.78
26.24, 0.3760, 18.67
26.25, 0.3750, 18.92
26.26, 0.3740, 18.84
26.27, 0.3730, 18.72
26.28, 0.3720, 18.76
26.29, 0.3710, 18.65
26.30, 0.3700, 18.58
26.31, 0.3690, 18.57
26.32, 0.3680, 18.60
26.33, 0.3670, 18.76
26.34, 0.3660, 18.82
26.35, 0.3650, 18.71
26.36, 0.3640, 18.63
26.37, 0.3630, 18.71
26.38, 0.3620, 18.78
26.39, 0.3610, 18.75
26.40, 0.3600, 18.60
26.41, 0.3590, 18.76
26.42, 0.3580, 18.61
26.43, 0.3570, 18.71
26.44, 0.3560, 18.77
26.45, 0.3550, 18.65
26.46, 0.3540, 18.64
26.47, 0.3530, 18.64
26.48, 0.3520, 18.59
26.49, 0.3510, 18.77
26.50, 0.3500, 18.70
26.51, 0.3490, 18.71
26.52, 0.3480, 18.79
26.53, 0.3470, 18.62
26.54, 0.3460, 18.57
26.55, 0.3450, 18.56
26.56, 0.3440, 18.60
26.57, 0.3430, 18.79
26.58, 0.3420, 18.66
26.59, 0.3410, 18.82
26.60, 0.3400, 18.59
26.61, 0.3390, 18.51
26.62, 0.3380, 18.62
26.63, 0.3370, 18.53
26.64, 0.3360, 18.68
26.65, 0.3350, 18.72
26.66, 0.3340, 18.58
26.67, 0.3330, 18.58
26.68, 0.3320, 18.64
26.69, 0.3310, 18.59
26.70, 0.3300, 18.70
26.71, 0.3290, 18.54
26.72, 0.3280, 18.70
26.73, 0.3270, 18.59
26.74, 0.3260, 18.58
26.75, 0.3250, 18.62
26.76, 0.3240, 18.56
26.77, 0.3230, 18.52
26.78, 0.3220, 18.49
26.79, 0.3210, 18.56
26.80, 0.3200, 18.60
26.81, 0.3190, 18.40
26.82, 0.3180, 18.66
26.83, 0.3170, 18.63
26.84, 0.3160, 18.52
26.85, 0.3150, 18.33
26.86, 0.3140, 18.43
26.87, 0.3130, 18.63
26.88, 0.3120, 18.57
26.89, 0.3110, 18.53
26.90, 0.3100, 18.45
26.91, 0.3090, 18.54
26.92, 0.3080, 18.62
26.93, 0.3070, 18.49
26.94, 0.3060, 18.50
26.95, 0.3050, 18.67
26.96, 0.3040, 18.42
26.97, 0.3030, 18.50
26.98, 0.3020, 18.32
26.99, 0.3010, 18.54
27.00, 0.3000, 18.39
27.01, 0.2990, 18.45
27.02, 0.2980, 18.53
27.03, 0.2970, 18.44
27.04, 0.2960, 18.36
27.05, 0.2950, 18.42
27.06, 0.2940, 18.35
27.07, 0.2930, 18.52
27.08, 0.2920, 18.65
27.09, 0.2910, 18.33
27.10, 0.2900, 18.40
27.11, 0.2890, 18.47
27.12, 0.2880, 18.41
27.13, 0.2870, 18.56
27.14, 0.2860, 18.45
27.15, 0.2850, 18.45
27.16, 0.2840, 18.38
27.17, 0.2830, 18.31
27.18, 0.2820, 18.56
27.19, 0.2810, 18.40
27.20, 0.2800, 18.40
27.21, 0.2790, 18.42
27.22, 0.2780, 18.38
27.23, 0.2770, 18.44
27.24, 0.2760, 18.28
27.25, 0.2750, 18.45
27.26, 0.2740, 18.28
27.27, 0.2730, 18.22
27.28, 0.2720, 18.28
27.29, 0.2710, 18.33
27.30, 0.2700, 18.45
27.31, 0.2690, 18.21
27.32, 0.2680, 18.34
27.33, 0.2670, 18.36
27.34, 0.2660, 18.29
27.35, 0.2650, 18.34
27.36, 0.2640, 18.32
27.37, 0.2630, 18.39
27.38, 0.2620, 18.41
27.39, 0.2610, 18.36
27.40, 0.2600, 18.24
27.41, 0.2590, 18.26
27.42, 0.2580, 18.40
27.43, 0.2570, 18.34
27.44, 0.2560, 18.42
27.45, 0.2550, 18.39
27.46, 0.2540, 18.30
27.47, 0.2530, 18.19
27.48, 0.2520, 18.23
27.49, 0.2510, 18.38
27.50, 0.2500, 18.34
27.51, 0.2490, 18.42
27.52, 0.2480, 18.21
27.53, 0.2470, 18.38
27.54, 0.2460, 18.29
27.55, 0.2450, 18.16
27.56, 0.2440, 18.41
27.57, 0.2430, 18.22
27.58, 0.2420, 18.22
27.59, 0.2410, 18.20
27.60, 0.2400, 18.29
27.61, 0.2390, 18.17
27.62, 0.2380, 18.15
27.63, 0.2370, 18.24
27.64, 0.2360, 18.24
27.65, 0.2350, 18.16
27.66, 0.2340, 18.30
27.67, 0.2330, 18.11
27.68, 0.2320, 18.09
27.69, 0.2310, 18.42
27.70, 0.2300, 18.21
27.71, 0.2290, 18.18
27.72, 0.2280, 18.16
27.73, 0.2270, 18.20
27.74, 0.2260, 18.23
27.75, 0.2250, 18.16
27.76, 0.2240, 18.39
27.77, 0.2230, 18.19
27.78, 0.2220, 18.17
27.79, 0.2210, 18.06
27.80, 0.2200, 18.05
27.81, 0.2190, 18.27
27.82, 0.2180, 18.18
27.83, 0.2170, 18.17
27.84, 0.2160, 18.16
27.85, 0.2150, 18.30
27.86, 0.2140, 18.17
27.87, 0.2130, 18.23
27.88, 0.2120, 18.14
27.89, 0.2110, 18.14
27.90, 0.2100, 18.14
27.91, 0.2090, 18.06
27.92, 0.2080, 18.10
27.93, 0.2070, 18.08
27.94, 0.2060, 18.22
27.95, 0.2050, 18.18
27.96, 0.2040, 18.11
27.97, 0.2030, 18.14
27.98, 0.2020, 18.10
27.99, 0.2010, 18.07
28.00, 0.2000, 18.16
28.01, 0.1990, 17.93
28.02, 0.1980, 17.86
28.03, 0.1970, 18.11
28.04, 0.1960, 18.11
28.05, 0.1950, 18.20
28.06, 0.1940, 18.26
28.07, 0.1930, 18.09
28.08, 0.1920, 18.05
28.09, 0.1910, 18.02
28.10, 0.1900, 18.00
28.11, 0.1890, 18.04
28.12, 0.1880, 18.08
28.13, 0.1870, 18.00
28.14, 0.1860, 18.06
28.15, 0.1850, 18.11
28.16, 0.1840, 18.01
28.17, 0.1830, 18.08
28.18, 0.1820, 18.10
28.19, 0.1810, 18.13
28.20, 0.1800, 17.93
28.21, 0.1790, 17.99
28.22, 0.1780, 18.24
28.23, 0.1770, 18.11
28.24, 0.1760, 18.05
28.25, 0.1750, 18.12
28.26, 0.1740, 17.98
28.27, 0.1730, 18.05
28.28, 0.1720, 17.98
28.29, 0.1710, 18.04
28.30, 0.1700, 18.10
28.31, 0.1690, 18.11
28.32, 0.1680, 18.04
28.33, 0.1670, 18.07
28.34, 0.1660, 18.09
28.35, 0.1650, 17.99
28.36, 0.1640, 17.96
28.37, 0.1630, 17.99
28.38, 0.1620, 17.92
28.39, 0.1610, 18.07
28.40, 0.1600, 18.10
28.41, 0.1590, 17.88
28.42, 0.1580, 18.06
28.43, 0.1570, 18.11
28.44, 0.1560, 17.98
28.45, 0.1550, 18.01
28.46, 0.1540, 18.11
28.47, 0.1530, 17.89
28.48, 0.1520, 17.94
28.49, 0.1510, 18.02
28.50, 0.1500, 17.97
28.51, 0.1490, 17.97
28.52, 0.1480, 17.79
28.53, 0.1470, 17.86
28.54, 0.1460, 18.00
28.55, 0.1450, 18.06
28.56, 0.1440, 18.18
28.57, 0.1430, 17.93
28.58, 0.1420, 17.98
28.59, 0.1410, 18.04
28.60, 0.1400, 17.94
28.61, 0.1390, 18.03
28.62, 0.1380, 18.10
28.63, 0.1370, 17.95
28.64, 0.1360, 18.06
28.65, 0.1350, 17.85
28.66, 0.1340, 17.77
28.67, 0.1330, 17.94
28.68, 0.1320, 17.86
28.69, 0.1310, 17.95
28.70, 0.1300, 17.98
28.71, 0.1290, 17.94
28.72, 0.1280, 17.95
28.73, 0.1270, 17.89
28.74, 0.1260, 17.94
28.75, 0.1250, 17.87
28.76, 0.1240, 18.00
28.77, 0.1230, 17.97
28.78, 0.1220, 17.76
28.79, 0.1210, 17.79
28.80, 0.1200, 18.09
28.81, 0.1190, 17.79
28.82, 0.1180, 17.94
28.83, 0.1170, 17.86
28.84, 0.1160, 17.85
28.85, 0.1150, 17.78
28.86, 0.1140, 17.93
28.87, 0.1130, 17.79
28.88, 0.1120, 17.83
28.89, 0.1110, 17.91
28.90, 0.1100, 17.92
28.91, 0.1090, 17.89
28.92, 0.1080, 17.90
28.93, 0.1070, 17.87
28.94, 0.1060, 17.82
28.95, 0.1050, 17.87
28.96, 0.1040, 17.89
28.97, 0.1030, 17.77
28.98, 0.1020, 17.96
28.99, 0.1010, 17.95
29.00, 0.1000, 17.78
29.01, 0.09900, 17.92
29.02, 0.09800, 17.97
29.03, 0.09700, 17.87
29.04, 0.09600, 17.90
29.05, 0.09500, 18.01
29.06, 0.09400, 17.85
29.07, 0.09300, 17.90
29.08, 0.09200, 17.80
29.09, 0.09100, 17.70
29.10, 0.09000, 17.75
29.11, 0.08900, 17.79
29.12, 0.08800, 17.80
29.13, 0.08700, 17.76
29.14, 0.08600, 17.69
29.15, 0.08500, 17.73
29.16, 0.08400, 17.75
29.17, 0.08300, 17.85
29.18, 0.08200, 17.68
29.19, 0.08100, 17.86
29.20, 0.08000, 17.81
29.21, 0.07900, 17.73
29.22, 0.07800, 17.79
29.23, 0.07700, 17.69
29.24, 0.07600, 17.74
29.25, 0.07500, 17.64
29.26, 0.07400, 17.79
29.27, 0.07300, 17.63
29.28, 0.07200, 17.77
29.29, 0.07100, 17.83
29.30, 0.07000, 18.03
29.31, 0.06900, 17.74
29.32, 0.06800, 17.89
29.33, 0.06700, 17.63
29.34, 0.06600, 17.72
29.35, 0.06500, 17.83
29.36, 0.06400, 17.74
29.37, 0.06300, 17.69
29.38, 0.06200, 17.63
29.39, 0.06100, 17.78
29.40, 0.06000, 17.82
29.41, 0.05900, 17.72
29.42, 0.05800, 17.70
29.43, 0.05700, 17.81
29.44, 0.05600, 17.53
29.45, 0.05500, 17.82
29.46, 0.05400, 17.63
29.47, 0.05300, 17.82
29.48, 0.05200, 17.68
29.49, 0.05100, 17.55
29.50, 0.05000, 17.59
29.51, 0.04900, 17.79
29.52, 0.04800, 17.59
29.53, 0.04700, 17.66
29.54, 0.04600, 17.81
29.55, 0.04500, 17.72
29.56, 0.04400, 17.63
29.57, 0.04300, 17.81
29.58, 0.04200, 17.72
29.59, 0.04100, 17.78
29.60, 0.04000, 17.83
29.61, 0.03900, 17.81
29.62, 0.03800, 17.62
29.63, 0.03700, 17.62
29.64, 0.03600, 17.68
29.65, 0.03500, 17.75
29.66, 0.03400, 17.65
29.67, 0.03300, 17.57
29.68, 0.03200, 17.46
29.69, 0.03100, 17.68
29.70, 0.03000, 17.58
29.71, 0.02900, 17.58
29.72, 0.02800, 17.61
29.73, 0.02700, 17.47
29.74, 0.02600, 17.65
29.75, 0.02500, 17.64
29.76, 0.02400, 17.78
29.77, 0.02300, 17.75
29.78, 0.02200, 17.64
29.79, 0.02100, 17.62
29.80, 0.02000, 17.50
29.81, 0.01900, 17.39
29.82, 0.01800, 17.67
29.83, 0.01700, 17.66
29.84, 0.01600, 17.64
29.85, 0.01500, 17.70
29.86, 0.01400, 17.58
29.87, 0.01300, 17.55
29.88, 0.01200, 17.56
29.89, 0.01100, 17.62
29.90, 0.01000, 17.59
29.91, 0.009000, 17.52
29.92, 0.008000, 17.53
29.93, 0.007000, 17.51
29.94, 0.006000, 17.52
29.95, 0.005000, 17.78
29.96, 0.004000, 17.32
29.97, 0.003000, 17.75
29.98, 0.002000, 17.58
29.99, 0.001000, 17.54
30.00, 0.000, 17.77
30.01, -0.001000, 17.58
30.02, -0.002000, 17.67
30.03, -0.003000, 17.64
30.04, -0.004000, 17.62
30.05, -0.005000, 17.57
30.06, -0.006000, 17.57
30.07, -0.007000, 17.70
30.08, -0.008000, 17.58
30.09, -0.009000, 17.40
30.10, -0.01000, 17.46
30.11, -0.01100, 17.62
30.12, -0.01200, 17.66
30.13, -0.01300, 17.65
30.14, -0.01400, 17.68
30.15, -0.01500, 17.61
30.16, -0.01600, 17.50
30.17, -0.01700, 17.44
30.18, -0.01800, 17.72
30.19, -0.01900, 17.70
30.20, -0.02000, 17.36
30.21, -0.02100, 17.64
30.22, -0.02200, 17.48
30.23, -0.02300, 17.44
30.24, -0.02400, 17.44
30.25, -0.02500, 17.64
30.26, -0.02600, 17.67
30.27, -0.02700, 17.50
30.28, -0.02800, 17.61
30.29, -0.02900, 17.60
30.30, -0.03000, 17.52
30.31, -0.03100, 17.36
30.32, -0.03200, 17.50
30.33, -0.03300, 17.55
30.34, -0.03400, 17.38
30.35, -0.03500, 17.49
30.36, -0.03600, 17.45
30.37, -0.03700, 17.38
30.38, -0.03800, 17.47
30.39, -0.03900, 17.25
30.40, -0.04000, 17.48
30.41, -0.04100, 17.52
30.42, -0.04200, 17.50
30.43, -0.04300, 17.39
30.44, -0.04400, 17.42
30.45, -0.04500, 17.41
30.46, -0.04600, 17.37
30.47, -0.04700, 17.53
30.48, -0.04800, 17.37
30.49, -0.04900, 17.41
30.50, -0.05000, 17.50
30.51, -0.05100, 17.55
30.52, -0.05200, 17.60
30.53, -0.05300, 17.56
30.54, -0.05400, 17.23
30.55, -0.05500, 17.62
30.56, -0.05600, 17.63
30.57, -0.05700, 17.56
30.58, -0.05800, 17.41
30.59, -0.05900, 17.48
30.60, -0.06000, 17.18
30.61, -0.06100, 17.40
30.62, -0.06200, 17.51
30.63, -0.06300, 17.41
30.64, -0.06400, 17.57
30.65, -0.06500, 17.49
30.66, -0.06600, 17.25
30.67, -0.06700, 17.35
30.68, -0.06800, 17.40
30.69, -0.06900, 17.32
30.70, -0.07000, 17.44
30.71, -0.07100, 17.42
30.72, -0.07200, 17.34
30.73, -0.07300, 17.25
30.74, -0.07400, 17.37
30.75, -0.07500, 17.44
30.76, -0.07600, 17.51
30.77, -0.07700, 17.34
30.78, -0.07800, 17.31
30.79, -0.07900, 17.34
30.80, -0.08000, 17.31
30.81, -0.08100, 17.35
30.82, -0.08200, 17.44
30.83, -0.08300, 16.99
30.84, -0.08400, 17.32
30.85, -0.08500, 17.29
30.86, -0.08600, 17.15
30.87, -0.08700, 17.46
30.88, -0.08800, 17.25
30.89, -0.08900, 17.25
30.90, -0.09000, 17.42
30.91, -0.09100, 17.41
30.92, -0.09200, 17.17
30.93, -0.09300, 17.47
30.94, -0.09400, 17.24
30.95, -0.09500, 17.29
30.96, -0.09600, 17.17
30.97, -0.09700, 17.52
30.98, -0.09800, 17.25
30.99, -0.09900, 17.37
31.00, -0.1000, 17.26
31.01, -0.1010, 17.45
31.02, -0.1020, 17.24
31.03, -0.1030, 17.16
31.04, -0.1040, 17.37
31.05, -0.1050, 17.49
31.06, -0.1060, 17.29
31.07, -0.1070, 17.26
31.08, -0.1080, 17.33
31.09, -0.1090, 17.30
31.10, -0.1100, 17.23
31.11, -0.1110, 17.38
31.12, -0.1120, 17.24
31.13, -0.1130, 17.46
31.14, -0.1140, 17.17
31.15, -0.1150, 17.44
31.16, -0.1160, 17.12
31.17, -0.1170, 17.25
31.18, -0.1180, 17.28
31.19, -0.1190, 17.25
31.20, -0.1200, 17.28
31.21, -0.1210, 17.25
31.22, -0.1220, 17.12
31.23, -0.1230, 17.26
31.24, -0.1240, 17.54
31.25, -0.1250, 17.44
31.26, -0.1260, 17.32
31.27, -0.1270, 17.14
31.28, -0.1280, 17.17
31.29, -0.1290, 17.18
31.30, -0.1300, 17.11
31.31, -0.1310, 17.22
31.32, -0.1320, 16.98
31.33, -0.1330, 17.22
31.34, -0.1340, 17.14
31.35, -0.1350, 17.22
31.36, -0.1360, 17.22
31.37, -0.1370, 17.19
31.38, -0.1380, 17.06
31.39, -0.1390, 17.07
31.40, -0.1400, 17.29
31.41, -0.1410, 17.13
31.42, -0.1420, 17.15
31.43, -0.1430, 17.31
31.44, -0.1440, 17.09
31.45, -0.1450, 17.11
31.46, -0.1460, 17.26
31.47, -0.1470, 16.92
31.48, -0.1480, 17.13
31.49, -0.1490, 17.32
31.50, -0.1500, 17.09
31.51, -0.1510, 16.99
31.52, -0.1520, 17.02
31.53, -0.1530, 16.89
31.54, -0.1540, 17.21
31.55, -0.1550, 17.11
31.56, -0.1560, 16.97
31.57, -0.1570, 17.24
31.58, -0.1580, 17.29
31.59, -0.1590, 17.18
31.60, -0.1600, 17.19
31.61, -0.1610, 17.38
31.62, -0.1620, 17.03
31.63, -0.1630, 17.12
31.64, -0.1640, 17.12
31.65, -0.1650, 17.20
31.66, -0.1660, 17.10
31.67, -0.1670, 17.10
31.68, -0.1680, 17.10
31.69, -0.1690, 17.07
31.70, -0.1700, 17.11
31.71, -0.1710, 17.13
31.72, -0.1720, 17.11
31.73, -0.1730, 17.15
31.74, -0.1740, 16.84
31.75, -0.1750, 17.00
31.76, -0.1760, 17.04
31.77, -0.1770, 17.02
31.78, -0.1780, 17.00
31.79, -0.1790, 17.19
31.80, -0.1800, 17.24
31.81, -0.1810, 17.05
31.82, -0.1820, 17.22
31.83, -0.1830, 17.12
31.84, -0.1840, 17.05
31.85, -0.1850, 16.91
31.86, -0.1860, 17.04
31.87, -0.1870, 17.09
31.88, -0.1880, 17.04
31.89, -0.1890, 16.98
31.90, -0.1900, 16.90
31.91, -0.1910, 17.13
31.92, -0.1920, 17.09
31.93, -0.1930, 17.11
31.94, -0.1940, 16.97
31.95, -0.1950, 16.86
31.96, -0.1960, 16.96
31.97, -0.1970, 17.06
31.98, -0.1980, 17.13
31.99, -0.1990, 16.96
32.00, -0.2000, 16.73
32.01, -0.2010, 17.07
32.02, -0.2020, 16.82
32.03, -0.2030, 17.17
32.04, -0.2040, 17.02
32.05, -0.2050, 16.97
32.06, -0.2060, 16.85
32.07, -0.2070, 16.98
32.08, -0.2080, 16.96
32.09, -0.2090, 16.84
32.10, -0.2100, 16.95
32.11, -0.2110, 17.01
32.12, -0.2120, 16.86
32.13, -0.2130, 16.80
32.14, -0.2140, 16.93
32.15, -0.2150, 16.95
32.16, -0.2160, 16.86
32.17, -0.2170, 16.93
32.18, -0.2180, 16.83
32.19, -0.2190, 16.97
32.20, -0.2200, 16.96
32.21, -0.2210, 16.97
32.22, -0.2220, 16.95
32.23, -0.2230, 16.83
32.24, -0.2240, 16.88
32.25, -0.2250, 16.67
32.26, -0.2260, 16.87
32.27, -0.2270, 17.07
32.28, -0.2280, 16.83
32.29, -0.2290, 16.86
32.30, -0.2300, 17.01
32.31, -0.2310, 16.81
32.32, -0.2320, 17.14
32.33, -0.2330, 16.89
32.34, -0.2340, 17.02
32.35, -0.2350, 16.72
32.36, -0.2360, 16.77
32.37, -0.2370, 16.69
32.38, -0.2380, 16.91
32.39, -0.2390, 16.87
32.40, -0.2400, 16.98
32.41, -0.2410, 16.79
32.42, -0.2420, 16.90
32.43, -0.2430, 16.64
32.44, -0.2440, 16.79
32.45, -0.2450, 16.82
32.46, -0.2460, 16.74
32.47, -0.2470, 16.88
32.48, -0.2480, 16.84
32.49, -0.2490, 16.83
32.50, -0.2500, 16.75
32.51, -0.2510, 16.88
32.52, -0.2520, 16.89
32.53, -0.2530, 16.70
32.54, -0.2540, 16.63
32.55, -0.2550, 16.65
32.56, -0.2560, 16.65
32.57, -0.2570, 16.76
32.58, -0.2580, 16.65
32.59, -0.2590, 16.93
32.60, -0.2600, 16.74
32.61, -0.2610, 16.71
32.62, -0.2620, 16.66
32.63, -0.2630, 16.61
32.64, -0.2640, 16.90
32.65, -0.2650, 16.82
32.66, -0.2660, 16.73
32.67, -0.2670, 16.74
32.68, -0.2680, 16.63
32.69, -0.2690, 16.66
32.70, -0.2700, 16.75
32.71, -0.2710, 16.52
32.72, -0.2720, 16.65
32.73, -0.2730, 16.74
32.74, -0.2740, 16.83
32.75, -0.2750, 16.69
32.76, -0.2760, 16.80
32.77, -0.2770, 16.69
32.78, -0.2780, 16.73
32.79, -0.2790, 16.72
32.80, -0.2800, 16.69
32.81, -0.2810, 17.02
32.82, -0.2820, 16.74
32.83, -0.2830, 16.82
32.84, -0.2840, 16.73
32.85, -0.2850, 16.68
32.86, -0.2860, 16.72
32.87, -0.2870, 16.74
32.88, -0.2880, 16.72
32.89, -0.2890, 16.77
32.90, -0.2900, 16.57
32.91, -0.2910, 16.66
32.92, -0.2920, 16.74
32.93, -0.2930, 16.69
32.94, -0.2940, 16.61
32.95, -0.2950, 16.53
32.96, -0.2960, 16.63
32.97, -0.2970, 16.58
32.98, -0.2980, 16.71
32.99, -0.2990, 16.79
33.00, -0.3000, 16.84
33.01, -0.3010, 16.76
33.02, -0.3020, 16.63
33.03, -0.3030, 16.58
33.04, -0.3040, 16.69
33.05, -0.3050, 16.78
33.06, -0.3060, 16.69
33.07, -0.3070, 16.58
33.08, -0.3080, 16.56
33.09, -0.3090, 16.58
33.10, -0.3100, 16.53
33.11, -0.3110, 16.66
33.12, -0.3120, 16.52
33.13, -0.3130, 16.66
33.14, -0.3140, 16.64
33.15, -0.3150, 16.56
33.16, -0.3160, 16.62
33.17, -0.3170, 16.67
33.18, -0.3180, 16.82
33.19, -0.3190, 16.36
33.20, -0.3200, 16.70
33.21, -0.3210, 16.64
33.22, -0.3220, 16.73
33.23, -0.3230, 16.37
33.24, -0.3240, 16.73
33.25, -0.3250, 16.72
33.26, -0.3260, 16.49
33.27, -0.3270, 16.49
33.28, -0.3280, 16.37
33.29, -0.3290, 16.74
33.30, -0.3300, 16.37
33.31, -0.3310, 16.63
33.32, -0.3320, 16.45
33.33, -0.3330, 16.46
33.34, -0.3340, 16.52
33.35, -0.3350, 16.64
33.36, -0.3360, 16.79
33.37, -0.3370, 16.48
33.38, -0.3380, 16.53
33.39, -0.3390, 16.58
33.40, -0.3400, 16.44
33.41, -0.3410, 16.57
33.42, -0.3420, 16.33
33.43, -0.3430, 16.65
33.44, -0.3440, 16.33
33.45, -0.3450, 16.48
33.46, -0.3460, 16.45
33.47, -0.3470, 16.49
33.48, -0.3480, 16.62
33.49, -0.3490, 16.35
33.50, -0.3500, 16.61
33.51, -0.3510, 16.49
33.52, -0.3520, 16.55
33.53, -0.3530, 16.46
33.54, -0.3540, 16.42
33.55, -0.3550, 16.69
33.56, -0.3560, 16.61
33.57, -0.3570, 16.48
33.58, -0.3580, 16.42
33.59, -0.3590, 16.66
33.60, -0.3600, 16.55
33.61, -0.3610, 16.50
33.62, -0.3620, 16.26
33.63, -0.3630, 16.50
33.64, -0.3640, 16.45
33.65, -0.3650, 16.28
33.66, -0.3660, 16.35
33.67, -0.3670, 16.54
33.68, -0.3680, 16.38
33.69, -0.3690, 16.38
33.70, -0.3700, 16.49
33.71, -0.3710, 16.25
33.72, -0.3720, 16.48
33.73, -0.3730, 16.24
33.74, -0.3740, 16.15
33.75, -0.3750, 16.15
33.76, -0.3760, 16.40
33.77, -0.3770, 16.45
33.78, -0.3780, 16.46
33.79, -0.3790, 16.35
33.80, -0.3800, 16.37
33.81, -0.3810, 16.40
33.82, -0.3820, 16.11
33.83, -0.3830, 16.47
33.84, -0.3840, 16.32
33.85, -0.3850, 16.34
33.86, -0.3860, 16.45
33.87, -0.3870, 16.19
33.88, -0.3880, 16.34
33.89, -0.3890, 16.47
33.90, -0.3900, 16.37
33.91, -0.3910, 16.27
33.92, -0.3920, 16.57
33.93, -0.3930, 16.06
33.94, -0.3940, 16.47
33.95, -0.3950, 16.45
33.96, -0.3960, 16.26
33.97, -0.3970, 16.18
33.98, -0.3980, 16.37
33.99, -0.3990, 16.26
34.00, -0.4000, 16.30
34.01, -0.4010, 16.24
34.02, -0.4020, 16.29
34.03, -0.4030, 16.10
34.04, -0.4040, 16.15
34.05, -0.4050, 16.12
34.06, -0.4060, 16.21
34.07, -0.4070, 16.40
34.08, -0.4080, 16.36
34.09, -0.4090, 16.25
34.10, -0.4100, 16.28
34.11, -0.4110, 16.28
34.12, -0.4120, 16.15
34.13, -0.4130, 16.27
34.14, -0.4140, 16.34
34.15, -0.4150, 16.25
34.16, -0.4160, 16.08
34.17, -0.4170, 16.10
34.18, -0.4180, 16.36
34.19, -0.4190, 16.17
34.20, -0.4200, 16.26
34.21, -0.4210, 16.19
34.22, -0.4220, 16.09
34.23, -0.4230, 16.17
34.24, -0.4240, 16.15
34.25, -0.4250, 16.24
34.26, -0.4260, 16.21
34.27, -0.4270, 16.12
34.28, -0.4280, 16.19
34.29, -0.4290, 16.16
34.30, -0.4300, 16.29
34.31, -0.4310, 16.10
34.32, -0.4320, 16.21
34.33, -0.4330, 16.13
34.34, -0.4340, 16.09
34.35, -0.4350, 16.16
34.36, -0.4360, 15.99
34.37, -0.4370, 16.24
34.38, -0.4380, 16.11
34.39, -0.4390, 16.20
34.40, -0.4400, 16.14
34.41, -0.4410, 16.10
34.42, -0.4420, 15.93
34.43, -0.4430, 16.01
34.44, -0.4440, 16.04
34.45, -0.4450, 16.24
34.46, -0.4460, 16.10
34.47, -0.4470, 16.02
34.48, -0.4480, 16.00
34.49, -0.4490, 16.00
34.50, -0.4500, 16.16
34.51, -0.4510, 16.00
34.52, -0.4520, 16.02
34.53, -0.4530, 16.07
34.54, -0.4540, 16.17
34.55, -0.4550, 15.98
34.56, -0.4560, 16.14
34.57, -0.4570, 15.99
34.58, -0.4580, 16.18
34.59, -0.4590, 16.21
34.60, -0.4600, 16.08
34.61, -0.4610, 16.13
34.62, -0.4620, 15.97
34.63, -0.4630, 15.92
34.64, -0.4640, 16.00
34.65, -0.4650, 15.96
34.66, -0.4660, 16.06
34.67, -0.4670, 16.08
34.68, -0.4680, 16.23
34.69, -0.4690, 15.99
34.70, -0.4700, 15.99
34.71, -0.4710, 16.09
34.72, -0.4720, 16.06
34.73, -0.4730, 16.03
34.74, -0.4740, 16.02
34.75, -0.4750, 16.02
34.76, -0.4760, 15.96
34.77, -0.4770, 16.11
34.78, -0.4780, 15.77
34.79, -0.4790, 15.92
34.80, -0.4800, 16.14
34.81, -0.4810, 16.10
34.82, -0.4820, 16.12
34.83, -0.4830, 15.94
34.84, -0.4840, 15.97
34.85, -0.4850, 15.97
34.86, -0.4860, 15.93
34.87, -0.4870, 15.89
34.88, -0.4880, 16.00
34.89, -0.4890, 15.87
34.90, -0.4900, 15.83
34.91, -0.4910, 15.85
34.92, -0.4920, 16.03
34.93, -0.4930, 15.95
34.94, -0.4940, 15.92
34.95, -0.4950, 15.93
34.96, -0.4960, 15.83
34.97, -0.4970, 15.97
34.98, -0.4980, 15.99
34.99, -0.4990, 15.83
35.00, -0.5000, 15.88
35.01, -0.5010, 15.78
35.02, -0.5020, 15.65
35.03, -0.5030, 15.89
35.04, -0.5040, 15.87
35.05, -0.5050, 16.01
35.06, -0.5060, 15.83
35.07, -0.5070, 15.76
35.08, -0.5080, 15.97
35.09, -0.5090, 15.93
35.10, -0.5100, 15.85
35.11, -0.5110, 16.03
35.12, -0.5120, 15.96
35.13, -0.5130, 15.75
35.14, -0.5140, 15.87
35.15, -0.5150, 15.73
35.16, -0.5160, 15.82
35.17, -0.5170, 15.87
35.18, -0.5180, 15.89
35.19, -0.5190, 15.81
35.20, -0.5200, 15.73
35.21, -0.5210, 15.69
35.22, -0.5220, 15.94
35.23, -0.5230, 15.84
35.24, -0.5240, 15.84
35.25, -0.5250, 15.69
35.26, -0.5260, 15.89
35.27, -0.5270, 15.80
35.28, -0.5280, 15.75
35.29, -0.5290, 15.76
35.30, -0.5300, 15.63
35.31, -0.5310, 15.66
35.32, -0.5320, 15.55
35.33, -0.5330, 15.81
35.34, -0.5340, 15.79
35.35, -0.5350, 15.71
35.36, -0.5360, 15.58
35.37, -0.5370, 15.70
35.38, -0.5380, 15.73
35.39, -0.5390, 15.63
35.40, -0.5400, 15.75
35.41, -0.5410, 15.61
35.42, -0.5420, 15.60
35.43, -0.5430, 15.85
35.44, -0.5440, 15.67
35.45, -0.5450, 15.58
35.46, -0.5460, 15.51
35.47, -0.5470, 15.70
35.48, -0.5480, 15.78
35.49, -0.5490, 15.70
35.50, -0.5500, 15.69
35.51, -0.5510, 15.41
35.52, -0.5520, 15.48
35.53, -0.5530, 15.76
35.54, -0.5540, 15.46
35.55, -0.5550, 15.80
35.56, -0.5560, 15.92
35.57, -0.5570, 15.46
35.58, -0.5580, 15.61
35.59, -0.5590, 15.47
35.60, -0.5600, 15.39
35.61, -0.5610, 15.53
35.62, -0.5620, 15.62
35.63, -0.5630, 15.70
35.64, -0.5640, 15.56
35.65, -0.5650, 15.47
35.66, -0.5660, 15.25
35.67, -0.5670, 15.58
35.68, -0.5680, 15.82
35.69, -0.5690, 15.89
35.70, -0.5700, 15.52
35.71, -0.5710, 15.43
35.72, -0.5720, 15.26
35.73, -0.5730, 15.58
35.74, -0.5740, 15.49
35.75, -0.5750, 15.39
35.76, -0.5760, 15.78
35.77, -0.5770, 15.59
35.78, -0.5780, 16.00
35.79, -0.5790, 15.75
35.80, -0.5800, 15.82
35.81, -0.5810, 15.81
35.82, -0.5820, 15.97
35.83, -0.5830, 15.58
35.84, -0.5840, 15.85
35.85, -0.5850, 15.77
35.86, -0.5860, 15.83
35.87, -0.5870, 15.60
35.88, -0.5880, 15.60
35.89, -0.5890, 15.33
35.90, -0.5900, 15.31
35.91, -0.5910, 15.16
35.92, -0.5920, 15.33
35.93, -0.5930, 15.37
35.94, -0.5940, 14.94
35.95, -0.5950, 15.21
35.96, -0.5960, 15.14
35.97, -0.5970, 15.23
35.98, -0.5980, 15.22
35.99, -0.5990, 15.19
36.00, -0.6000, 15.45
36.01, -0.6010, 15.27
36.02, -0.6020, 15.26
36.03, -0.6030, 15.28
36.04, -0.6040, 15.27
36.05, -0.6050, 15.37
36.06, -0.6060, 15.82
36.07, -0.6070, 15.62
36.08, -0.6080, 15.36
36.09, -0.6090, 15.13
36.10, -0.6100, 15.32
36.11, -0.6110, 15.09
36.12, -0.6120, 15.23
36.13, -0.6130, 15.16
36.14, -0.6140, 14.97
36.15, -0.6150, 15.17
36.16, -0.6160, 15.23
36.17, -0.6170, 15.39
36.18, -0.6180, 15.26
36.19, -0.6190, 15.43
36.20, -0.6200, 15.34
36.21, -0.6210, 15.79
36.22, -0.6220, 15.64
36.23, -0.6230, 15.44
36.24, -0.6240, 15.40
36.25, -0.6250, 15.44
36.26, -0.6260, 15.33
36.27, -0.6270, 15.47
36.28, -0.6280, 15.42
36.29, -0.6290, 15.53
36.30, -0.6300, 15.47
36.31, -0.6310, 15.37
36.32, -0.6320, 15.04
36.33, -0.6330, 15.05
36.34, -0.6340, 15.16
36.35, -0.6350, 15.19
36.36, -0.6360, 15.20
36.37, -0.6370, 14.80
36.38, -0.6380, 14.93
36.39, -0.6390, 14.78
36.40, -0.6400, 14.88
36.41, -0.6410, 14.95
36.42, -0.6420, 14.99
36.43, -0.6430, 15.23
36.44, -0.6440, 15.42
36.45, -0.6450, 15.16
36.46, -0.6460, 15.10
36.47, -0.6470, 15.23
36.48, -0.6480, 15.17
36.49, -0.6490, 15.23
36.50, -0.6500, 15.42
36.51, -0.6510, 15.08
36.52, -0.6520, 15.08
36.53, -0.6530, 15.39
36.54, -0.6540, 15.41
36.55, -0.6550, 15.48
36.56, -0.6560, 15.45
36.57, -0.6570, 15.41
36.58, -0.6580, 15.41
36.59, -0.6590, 15.28
36.60, -0.6600, 15.26
36.61, -0.6610, 15.23
36.62, -0.6620, 15.23
36.63, -0.6630, 15.13
36.64, -0.6640, 15.17
36.65, -0.6650, 15.13
36.66, -0.6660, 15.09
36.67, -0.6670, 15.06
36.68, -0.6680, 15.12
36.69, -0.6690, 15.17
36.70, -0.6700, 15.19
36.71, -0.6710, 15.24
36.72, -0.6720, 15.01
36.73, -0.6730, 14.93
36.74, -0.6740, 14.93
36.75, -0.6750, 15.01
36.76, -0.6760, 15.04
36.77, -0.6770, 15.00
36.78, -0.6780, 15.12
36.79, -0.6790, 15.19
36.80, -0.6800, 14.94
36.81, -0.6810, 15.03
36.82, -0.6820, 15.08
36.83, -0.6830, 14.91
36.84, -0.6840, 15.23
36.85, -0.6850, 15.12
36.86, -0.6860, 15.12
36.87, -0.6870, 15.01
36.88, -0.6880, 14.97
36.89, -0.6890, 14.92
36.90, -0.6900, 15.04
36.91, -0.6910, 15.01
36.92, -0.6920, 14.92
36.93, -0.6930, 14.91
36.94, -0.6940, 15.16
36.95, -0.6950, 15.21
36.96, -0.6960, 15.01
36.97, -0.6970, 14.94
36.98, -0.6980, 14.91
36.99, -0.6990, 14.99
37.00, -0.7000, 15.03
37.01, -0.7010, 15.15
37.02, -0.7020, 15.06
37.03, -0.7030, 14.90
37.04, -0.7040, 14.96
37.05, -0.7050, 15.03
37.06, -0.7060, 15.20
37.07, -0.7070, 15.05
37.08, -0.7080, 15.05
37.09, -0.7090, 14.91
37.10, -0.7100, 14.95
37.11, -0.7110, 14.93
37.12, -0.7120, 14.91
37.13, -0.7130, 15.08
37.14, -0.7140, 15.01
37.15, -0.7150, 14.80
37.16, -0.7160, 14.80
37.17, -0.7170, 14.75
37.18, -0.7180, 14.68
37.19, -0.7190, 14.77
37.20, -0.7200, 14.93
37.21, -0.7210, 14.81
37.22, -0.7220, 14.89
37.23, -0.7230, 14.80
37.24, -0.7240, 14.71
37.25, -0.7250, 14.86
37.26, -0.7260, 14.97
37.27, -0.7270, 14.76
37.28, -0.7280, 14.90
37.29, -0.7290, 14.94
37.30, -0.7300, 14.97
37.31, -0.7310, 14.75
37.32, -0.7320, 14.88
37.33, -0.7330, 14.91
37.34, -0.7340, 14.87
37.35, -0.7350, 14.83
37.36, -0.7360, 14.92
37.37, -0.7370, 14.74
37.38, -0.7380, 14.57
37.39, -0.7390, 14.71
37.40, -0.7400, 14.53
37.41, -0.7410, 14.74
37.42, -0.7420, 14.72
37.43, -0.7430, 14.68
37.44, -0.7440, 14.54
37.45, -0.7450, 14.60
37.46, -0.7460, 14.69
37.47, -0.7470, 14.60
37.48, -0.7480, 14.79
37.49, -0.7490, 14.66
37.50, -0.7500, 14.62
37.51, -0.7510, 14.73
37.52, -0.7520, 14.74
37.53, -0.7530, 14.79
37.54, -0.7540, 14.66
37.55, -0.7550, 14.72
37.56, -0.7560, 14.67
37.57, -0.7570, 14.40
37.58, -0.7580, 14.73
37.59, -0.7590, 14.75
37.60, -0.7600, 14.82
37.61, -0.7610, 14.74
37.62, -0.7620, 14.45
37.63, -0.7630, 14.49
37.64, -0.7640, 14.51
37.65, -0.7650, 14.48
37.66, -0.7660, 14.64
37.67, -0.7670, 14.53
37.68, -0.7680, 14.44
37.69, -0.7690, 14.37
37.70, -0.7700, 14.42
37.71, -0.7710, 14.62
37.72, -0.7720, 14.46
37.73, -0.7730, 14.42
37.74, -0.7740, 14.51
37.75, -0.7750, 14.38
37.76, -0.7760, 14.50
37.77, -0.7770, 14.50
37.78, -0.7780, 14.59
37.79, -0.7790, 14.53
37.80, -0.7800, 14.50
37.81, -0.7810, 14.47
37.82, -0.7820, 14.35
37.83, -0.7830, 14.48
37.84, -0.7840, 14.58
37.85, -0.7850, 14.53
37.86, -0.7860, 14.30
37.87, -0.7870, 14.39
37.88, -0.7880, 14.54
37.89, -0.7890, 14.55
37.90, -0.7900, 14.37
37.91, -0.7910, 14.25
37.92, -0.7920, 14.37
37.93, -0.7930, 14.43
37.94, -0.7940, 14.35
37.95, -0.7950, 14.36
37.96, -0.7960, 14.43
37.97, -0.7970, 14.24
37.98, -0.7980, 14.41
37.99, -0.7990, 14.48
38.00, -0.8000, 14.56
38.01, -0.8010, 14.41
38.02, -0.8020, 14.37
38.03, -0.8030, 14.32
38.04, -0.8040, 14.51
38.05, -0.8050, 14.45
38.06, -0.8060, 14.36
38.07, -0.8070, 14.41
38.08, -0.8080, 14.44
38.09, -0.8090, 14.29
38.10, -0.8100, 14.17
38.11, -0.8110, 14.30
38.12, -0.8120, 14.46
38.13, -0.8130, 14.34
38.14, -0.8140, 14.31
38.15, -0.8150, 14.17
38.16, -0.8160, 14.22
38.17, -0.8170, 14.13
38.18, -0.8180, 14.22
38.19, -0.8190, 14.36
38.20, -0.8200, 14.06
38.21, -0.8210, 14.24
38.22, -0.8220, 14.01
38.23, -0.8230, 14.12
38.24, -0.8240, 14.23
38.25, -0.8250, 14.24
38.26, -0.8260, 14.10
38.27, -0.8270, 14.00
38.28, -0.8280, 14.12
38.29, -0.8290, 14.07
38.30, -0.8300, 14.17
38.31, -0.8310, 14.13
38.32, -0.8320, 14.13
38.33, -0.8330, 14.06
38.34, -0.8340, 14.05
38.35, -0.8350, 14.01
38.36, -0.8360, 14.18
38.37, -0.8370, 14.19
38.38, -0.8380, 14.08
38.39, -0.8390, 14.05
38.40, -0.8400, 13.94
38.41, -0.8410, 14.18
38.42, -0.8420, 14.02
38.43, -0.8430, 14.04
38.44, -0.8440, 14.10
38.45, -0.8450, 14.03
38.46, -0.8460, 14.01
38.47, -0.8470, 13.98
38.48, -0.8480, 13.87
38.49, -0.8490, 13.89
38.50, -0.8500, 13.98
38.51, -0.8510, 13.94
38.52, -0.8520, 13.94
38.53, -0.8530, 14.13
38.54, -0.8540, 13.96
38.55, -0.8550, 13.91
38.56, -0.8560, 13.86
38.57, -0.8570, 13.76
38.58, -0.8580, 13.86
38.59, -0.8590, 13.99
38.60, -0.8600, 14.04
38.61, -0.8610, 13.84
38.62, -0.8620, 13.84
38.63, -0.8630, 13.95
38.64, -0.8640, 13.94
38.65, -0.8650, 13.97
38.66, -0.8660, 13.97
38.67, -0.8670, 13.91
38.68, -0.8680, 13.71
38.69, -0.8690, 13.82
38.70, -0.8700, 13.74
38.71, -0.8710, 13.82
38.72, -0.8720, 13.92
38.73, -0.8730, 13.74
38.74, -0.8740, 13.82
38.75, -0.8750, 13.64
38.76, -0.8760, 13.72
38.77, -0.8770, 13.70
38.78, -0.8780, 13.74
38.79, -0.8790, 13.80
38.80, -0.8800, 13.69
38.81, -0.8810, 13.62
38.82, -0.8820, 13.73
38.83, -0.8830, 13.84
38.84, -0.8840, 13.74
38.85, -0.8850, 13.61
38.86, -0.8860, 13.83
38.87, -0.8870, 13.72
38.88, -0.8880, 13.62
38.89, -0.8890, 13.64
38.90, -0.8900, 13.68
38.91, -0.8910, 13.71
38.92, -0.8920, 13.77
38.93, -0.8930, 13.60
38.94, -0.8940, 13.91
38.95, -0.8950, 13.55
38.96, -0.8960, 13.57
38.97, -0.8970, 13.80
38.98, -0.8980, 13.69
38.99, -0.8990, 13.45
39.00, -0.9000, 13.69
39.01, -0.9010, 13.49
39.02, -0.9020, 13.56
39.03, -0.9030, 13.58
39.04, -0.9040, 13.48
39.05, -0.9050, 13.58
39.06, -0.9060, 13.57
39.07, -0.9070, 13.43
39.08, -0.9080, 13.57
39.09, -0.9090, 13.51
39.10, -0.9100, 13.40
39.11, -0.9110, 13.47
39.12, -0.9120, 13.32
39.13, -0.9130, 13.48
39.14, -0.9140, 13.55
39.15, -0.9150, 13.42
39.16, -0.9160, 13.37
39.17, -0.9170, 13.55
39.18, -0.9180, 13.46
39.19, -0.9190, 13.45
39.20, -0.9200, 13.33
39.21, -0.9210, 13.37
39.22, -0.9220, 13.42
39.23, -0.9230, 13.41
39.24, -0.9240, 13.41
39.25, -0.9250, 13.38
39.26, -0.9260, 13.31
39.27, -0.9270, 13.21
39.28, -0.9280, 13.35
39.29, -0.9290, 13.27
39.30, -0.9300, 13.39
39.31, -0.9310, 13.28
39.32, -0.9320, 13.28
39.33, -0.9330, 13.36
39.34, -0.9340, 13.06
39.35, -0.9350, 13.19
39.36, -0.9360, 13.13
39.37, -0.9370, 13.34
39.38, -0.9380, 13.18
39.39, -0.9390, 13.27
39.40, -0.9400, 13.21
39.41, -0.9410, 13.20
39.42, -0.9420, 13.19
39.43, -0.9430, 13.33
39.44, -0.9440, 13.21
39.45, -0.9450, 13.14
39.46, -0.9460, 13.18
39.47, -0.9470, 13.03
39.48, -0.9480, 13.21
39.49, -0.9490, 13.23
39.50, -0.9500, 13.10
39.51, -0.9510, 13.11
39.52, -0.9520, 12.91
39.53, -0.9530, 13.12
39.54, -0.9540, 12.95
39.55, -0.9550, 13.20
39.56, -0.9560, 13.07
39.57, -0.9570, 12.94
39.58, -0.9580, 13.04
39.59, -0.9590, 13.14
39.60, -0.9600, 13.01
39.61, -0.9610, 13.16
39.62, -0.9620, 12.91
39.63, -0.9630, 12.94
39.64, -0.9640, 13.15
39.65, -0.9650, 13.01
39.66, -0.9660, 12.89
39.67, -0.9670, 13.18
39.68, -0.9680, 13.02
39.69, -0.9690, 13.05
39.70, -0.9700, 12.99
39.71, -0.9710, 13.13
39.72, -0.9720, 12.89
39.73, -0.9730, 13.09
39.74, -0.9740, 13.04
39.75, -0.9750, 12.94
39.76, -0.9760, 12.87
39.77, -0.9770, 12.80
39.78, -0.9780, 12.93
39.79, -0.9790, 12.75
39.80, -0.9800, 12.80
39.81, -0.9810, 12.78
39.82, -0.9820, 12.77
39.83, -0.9830, 12.88
39.84, -0.9840, 12.91
39.85, -0.9850, 12.59
39.86, -0.9860, 12.66
39.87, -0.9870, 12.61
39.88, -0.9880, 12.84
39.89, -0.9890, 12.92
39.90, -0.9900, 12.66
39.91, -0.9910, 12.74
39.92, -0.9920, 12.68
39.93, -0.9930, 12.70
39.94, -0.9940, 12.73
39.95, -0.9950, 12.68
39.96, -0.9960, 12.67
39.97, -0.9970, 12.71
39.98, -0.9980, 12.64
39.99, -0.9990, 12.62
40.00, -1.000, 12.58
